0.135671	2500	49153
0.135671	2500	49153
0.135725	2500	49154
0.135725	2500	49154
0.135761	2500	49155
0.135796	2500	49156
0.135832	2500	49157
0.135921	2500	49155
0.135921	2500	49155
0.135921	2500	49155
0.135975	2500	49156
0.135975	2500	49156
0.135975	2500	49156
0.136011	2500	49157
0.136011	2500	49157
0.136046	2500	49153
0.136046	2500	49153
0.136082	2500	49154
0.136082	2500	49154
0.136171	2500	49157
0.136171	2500	49157
0.136225	2500	49153
0.136225	2500	49153
0.136261	2500	49154
0.136296	2500	49155
0.136332	2500	49156
0.136421	2500	49154
0.136421	2500	49154
0.136421	2500	49154
0.136475	2500	49155
0.136475	2500	49155
0.136475	2500	49155
0.136511	2500	49156
0.136511	2500	49156
0.136546	2500	49157
0.136546	2500	49157
0.136582	2500	49153
0.136582	2500	49153
0.136654	2500	49156
0.136654	2500	49156
0.136689	2500	49157
0.136689	2500	49157
0.136707	2500	49153
0.136725	2500	49154
0.136743	2500	49155
0.137636	2500	49155
0.137654	2500	49156
0.137671	2500	49157
0.137689	2500	49153
0.137707	2500	49154
0.159671	2500	49155
0.159671	2500	49155
0.159725	2500	49156
0.159725	2500	49156
0.159761	2500	49157
0.159796	2500	49153
0.159832	2500	49154
0.159921	2500	49157
0.159921	2500	49157
0.159921	2500	49157
0.159975	2500	49153
0.159975	2500	49153
0.159975	2500	49153
0.160011	2500	49154
0.160011	2500	49154
0.160046	2500	49155
0.160046	2500	49155
0.160082	2500	49156
0.160082	2500	49156
0.160171	2500	49154
0.160171	2500	49154
0.160225	2500	49155
0.160225	2500	49155
0.160261	2500	49156
0.160296	2500	49157
0.160332	2500	49153
0.160421	2500	49156
0.160421	2500	49156
0.160421	2500	49156
0.160475	2500	49157
0.160475	2500	49157
0.160475	2500	49157
0.160511	2500	49153
0.160511	2500	49153
0.160546	2500	49154
0.160546	2500	49154
0.160582	2500	49155
0.160582	2500	49155
0.160654	2500	49153
0.160654	2500	49153
0.160689	2500	49154
0.160689	2500	49154
0.160707	2500	49155
0.160725	2500	49156
0.160743	2500	49157
0.160904	2500	49155
0.160939	2500	49156
0.161154	2500	49157
0.161154	2500	49157
0.161189	2500	49153
0.161189	2500	49153
0.161225	2500	49154
0.161225	2500	49154
0.161243	2500	49155
0.161261	2500	49156
0.161404	2500	49155
0.161404	2500	49155
0.161439	2500	49156
0.161439	2500	49156
0.161475	2500	49157
0.161475	2500	49157
0.161493	2500	49153
0.161511	2500	49154
0.161654	2500	49153
0.161689	2500	49154
0.161904	2500	49155
0.161904	200	49155
0.161904	1400	49155
0.161904	1400	49155
0.161939	2500	49156
0.161939	1600	49156
0.161939	1400	49156
0.161975	2500	49157
0.161975	1600	49157
0.161975	1400	49157
0.162011	2500	49153
0.162011	1600	49153
0.162029	2500	49154
0.162029	200	49154
0.162029	1400	49154
0.162154	1400	49154
0.162154	1400	49154
0.162171	1400	49155
0.162189	1400	49156
0.162207	1400	49157
0.162225	1400	49153
0.162225	1400	49153
0.163386	1400	49154
0.163404	1400	49155
0.163421	1400	49156
0.163439	1400	49157
0.163457	1400	49153
0.164386	1400	49154
0.164404	1400	49155
0.164421	1400	49156
0.164439	1400	49157
0.164457	1400	49153
0.165636	1400	49154
0.165654	1400	49155
0.165671	1400	49156
0.165689	1400	49157
0.165707	1400	49153
0.166636	1400	49154
0.166654	1400	49155
0.166671	1400	49156
0.166689	1400	49157
0.166707	1400	49153
0.183671	2500	49154
0.183671	2500	49154
0.183725	2500	49155
0.183725	2500	49155
0.183761	2500	49156
0.183796	2500	49157
0.183832	2500	49153
0.183921	2500	49156
0.183921	2500	49156
0.183921	2500	49156
0.183975	2500	49157
0.183975	2500	49157
0.183975	2500	49157
0.184011	2500	49153
0.184011	2500	49153
0.184046	2500	49154
0.184046	2500	49154
0.184082	2500	49155
0.184082	2500	49155
0.184171	2500	49153
0.184171	2500	49153
0.184225	2500	49154
0.184225	2500	49154
0.184261	2500	49155
0.184296	2500	49156
0.184332	2500	49157
0.184421	2500	49155
0.184421	2500	49155
0.184421	2500	49155
0.184475	2500	49156
0.184475	2500	49156
0.184475	2500	49156
0.184511	2500	49157
0.184511	2500	49157
0.184546	2500	49153
0.184546	2500	49153
0.184582	2500	49154
0.184582	2500	49154
0.184654	2500	49157
0.184654	1000	49157
0.184654	1400	49157
0.184689	2500	49153
0.184689	1000	49153
0.184689	1400	49153
0.184707	1000	49154
0.184707	1400	49154
0.184725	1000	49155
0.184725	1400	49155
0.184743	1000	49156
0.184743	1400	49156
0.185636	1400	49154
0.185654	1400	49155
0.185671	1400	49156
0.185689	1400	49157
0.185707	1400	49153
0.186886	1400	49154
0.186904	1400	49155
0.186921	1400	49156
0.186939	1400	49157
0.186957	1400	49153
0.189154	1400	49154
0.189154	1400	49154
0.189189	1400	49155
0.189189	1400	49155
0.189225	1400	49156
0.189225	1400	49156
0.189261	1400	49157
0.189261	1400	49157
0.189296	1400	49153
0.189296	1400	49153
0.190136	1400	49154
0.190154	1400	49155
0.190171	1400	49156
0.190189	1400	49157
0.190207	1400	49153
0.191386	1400	49154
0.191404	1400	49155
0.191421	1400	49156
0.191439	1400	49157
0.191457	1400	49153
0.192386	1400	49154
0.192404	1400	49155
0.192421	1400	49156
0.192439	1400	49157
0.192457	1400	49153
0.193636	1400	49154
0.193654	1400	49155
0.193671	1400	49156
0.193689	1400	49157
0.193707	1400	49153
0.194636	1400	49154
0.194654	1400	49155
0.194671	1400	49156
0.194689	1400	49157
0.194707	1400	49153
0.195886	1400	49154
0.195904	1400	49155
0.195921	1400	49156
0.195939	1400	49157
0.195957	1400	49153
0.196886	1400	49154
0.196904	1400	49155
0.196921	1400	49156
0.196939	1400	49157
0.196957	1400	49153
0.197886	1400	49154
0.197904	1400	49155
0.197921	1400	49156
0.197939	1400	49157
0.197957	1400	49153
0.199136	1400	49154
0.199154	1400	49155
0.199171	1400	49156
0.199189	1400	49157
0.199207	1400	49153
0.200136	1400	49154
0.200154	1400	49155
0.200171	1400	49156
0.200189	1400	49157
0.200207	1400	49153
0.201386	1400	49154
0.201404	1400	49155
0.201421	1400	49156
0.201439	1400	49157
0.201457	1400	49153
0.202386	1400	49154
0.202404	1400	49155
0.202421	1400	49156
0.202439	1400	49157
0.202457	1400	49153
0.203636	1400	49154
0.203654	1400	49155
0.203671	1400	49156
0.203689	1400	49157
0.203707	1400	49153
0.204636	1400	49154
0.204654	1400	49155
0.204671	1400	49156
0.204689	1400	49157
0.204707	1400	49153
0.205886	1400	49154
0.205904	1400	49155
0.205921	1400	49156
0.205939	1400	49157
0.205957	1400	49153
0.206886	1400	49154
0.206904	1400	49155
0.206921	1400	49156
0.206939	1400	49157
0.206957	1400	49153
0.208136	1400	49154
0.208154	1400	49155
0.208171	1400	49156
0.208189	1400	49157
0.208207	1400	49153
0.209136	1400	49154
0.209154	1400	49155
0.209171	1400	49156
0.209189	1400	49157
0.209207	1400	49153
0.210386	1400	49154
0.210404	1400	49155
0.210421	1400	49156
0.210439	1400	49157
0.210457	1400	49153
0.211386	1400	49154
0.211404	1400	49155
0.211421	1400	49156
0.211439	1400	49157
0.211457	1400	49153
0.212636	1400	49154
0.212654	1400	49155
0.212671	1400	49156
0.212689	1400	49157
0.212707	1400	49153
0.213636	1400	49154
0.213654	1400	49155
0.213671	1400	49156
0.213689	1400	49157
0.213707	1400	49153
0.214886	1400	49154
0.214904	1400	49155
0.214921	1400	49156
0.214939	1400	49157
0.214957	1400	49153
0.215886	1400	49154
0.215904	1400	49155
0.215921	1400	49156
0.215939	1400	49157
0.215957	1400	49153
0.217136	1400	49154
0.217154	1400	49155
0.217171	1400	49156
0.217189	1400	49157
0.217207	1400	49153
0.218136	1400	49154
0.218154	1400	49155
0.218171	1400	49156
0.218189	1400	49157
0.218207	1400	49153
0.219386	1400	49154
0.219404	1400	49155
0.219421	1400	49156
0.219439	1400	49157
0.219457	1400	49153
0.220386	1400	49154
0.220404	1400	49155
0.220421	1400	49156
0.220439	1400	49157
0.220457	1400	49153
0.221636	1400	49154
0.221654	1400	49155
0.221671	1400	49156
0.221689	1400	49157
0.221707	1400	49153
0.222636	1400	49154
0.222654	1400	49155
0.222671	1400	49156
0.222689	1400	49157
0.222707	1400	49153
0.223886	1400	49154
0.223904	1400	49155
0.223921	1400	49156
0.223939	1400	49157
0.223957	1400	49153
0.224886	1400	49154
0.224904	1400	49155
0.224921	1400	49156
0.224939	1400	49157
0.224957	1400	49153
0.225886	1400	49154
0.225904	1400	49155
0.225921	1400	49156
0.225939	1400	49157
0.225957	1400	49153
0.227136	1400	49154
0.227154	1400	49155
0.227171	1400	49156
0.227189	1400	49157
0.227207	1400	49153
0.228136	1400	49154
0.228154	1400	49155
0.228171	1400	49156
0.228189	1400	49157
0.228207	1400	49153
0.229386	1400	49154
0.229404	1400	49155
0.229421	1400	49156
0.229439	1400	49157
0.229457	1400	49153
0.230386	1400	49153
0.230404	1400	49154
0.230421	1400	49155
0.230439	1400	49156
0.230457	1400	49157
0.231636	1400	49156
0.231654	1400	49157
0.231671	1400	49153
0.231689	1400	49154
0.231707	1400	49155
0.232636	1400	49156
0.232654	1400	49157
0.232671	1400	49153
0.232689	1400	49154
0.232707	1400	49155
0.233886	1400	49156
0.233904	1400	49157
0.233921	1400	49153
0.233939	1400	49154
0.233957	1400	49155
0.234886	1400	49156
0.234904	1400	49157
0.234921	1400	49153
0.234939	1400	49154
0.234957	1400	49155
0.236136	1400	49153
0.236154	1400	49157
0.237136	1400	49153
0.237154	1400	49157
0.251689	2500	49153
0.251689	2500	49153
0.251689	2500	49153
0.251761	2500	49156
0.251761	2500	49156
0.251761	2500	49156
0.251832	2500	49157
0.251832	2500	49157
0.251832	2500	49157
0.251939	2500	49153
0.251939	2500	49153
0.251939	2500	49153
0.252011	2500	49156
0.252011	2500	49156
0.252011	2500	49156
0.252082	2500	49157
0.252082	2500	49157
0.252082	2500	49157
0.252136	1800	49153
0.252171	2500	49156
0.252171	2100	49156
0.252189	1800	49157
0.252886	1400	49156
0.252886	1400	49156
0.252904	1400	49157
0.252904	1400	49157
0.252921	1400	49153
0.252921	1400	49153
0.253886	1400	49156
0.253904	1400	49157
0.253921	1400	49153
0.255136	1400	49156
0.255154	1400	49157
0.255171	1400	49153
0.256136	1400	49156
0.256154	1400	49157
0.256171	1400	49153
0.257386	1400	49156
0.257404	1400	49157
0.257421	1400	49153
0.258386	1400	49156
0.258404	1400	49157
0.258421	1400	49153
0.259636	1400	49156
0.259654	1400	49157
0.259671	1400	49153
0.260636	1400	49156
0.260654	1400	49157
0.260671	1400	49153
0.261886	1400	49156
0.261904	1400	49157
0.261921	1400	49153
0.262725	2500	49154
0.262725	2500	49154
0.262725	2500	49154
0.262725	2500	49154
0.262832	2500	49155
0.262832	2500	49155
0.262832	2500	49155
0.262832	2500	49155
0.262904	2500	49154
0.262904	2500	49154
0.262939	2500	49155
0.262939	2500	49155
0.262957	1400	49156
0.262975	1400	49157
0.262993	1400	49153
0.263225	2500	49154
0.263225	2500	49154
0.263225	2500	49154
0.263225	2500	49154
0.263225	2500	49154
0.263332	2500	49155
0.263332	2500	49155
0.263332	2500	49155
0.263332	2500	49155
0.263332	2500	49155
0.263421	2500	49154
0.263421	2500	49154
0.263421	1100	49154
0.263475	2500	49155
0.263475	2500	49155
0.263475	1100	49155
0.264136	1400	49154
0.264136	1400	49154
0.264154	1400	49155
0.264154	1400	49155
0.264171	1400	49156
0.264189	1400	49157
0.264207	1400	49153
0.265136	1400	49155
0.265154	1400	49156
0.265171	1400	49157
0.265189	1400	49153
0.265207	1400	49154
0.266386	1400	49155
0.266404	1400	49156
0.266421	1400	49157
0.266439	1400	49153
0.266457	1400	49154
0.267386	1400	49155
0.267404	1400	49156
0.267421	1400	49157
0.267439	1400	49153
0.267457	1400	49154
0.268636	1400	49155
0.268654	1400	49156
0.268671	1400	49157
0.268689	1400	49153
0.268707	1400	49154
0.269636	1400	49155
0.269654	1400	49156
0.269671	1400	49157
0.269689	1400	49153
0.269707	1400	49154
0.270886	1400	49155
0.270904	1400	49156
0.270921	1400	49157
0.270939	1400	49153
0.270957	1400	49154
0.271886	1400	49155
0.271904	1400	49156
0.271921	1400	49157
0.271939	1400	49153
0.271957	1400	49154
0.273136	1400	49155
0.273154	1400	49156
0.273171	1400	49157
0.273189	1400	49153
0.273207	1400	49154
0.274136	1400	49155
0.274154	1400	49156
0.274171	1400	49157
0.274189	1400	49153
0.274207	1400	49154
0.275386	1400	49155
0.275404	1400	49156
0.275421	1400	49157
0.275439	1400	49153
0.275457	1400	49154
0.276386	1400	49155
0.276404	1400	49156
0.276421	1400	49157
0.276439	1400	49153
0.276457	1400	49154
0.277636	1400	49155
0.277654	1400	49156
0.277671	1400	49157
0.277689	1400	49153
0.277707	1400	49154
0.278636	1400	49155
0.278654	1400	49156
0.278671	1400	49157
0.278689	1400	49153
0.278707	1400	49154
0.279886	1400	49155
0.279904	1400	49156
0.279921	1400	49157
0.279939	1400	49153
0.279957	1400	49154
0.280886	1400	49155
0.280904	1400	49156
0.280921	1400	49157
0.280939	1400	49153
0.280957	1400	49154
0.281886	1400	49155
0.281904	1400	49156
0.281921	1400	49157
0.281939	1400	49153
0.281957	1400	49154
0.283136	1400	49153
0.283154	1400	49156
0.283171	1400	49157
0.284136	1400	49153
0.284154	1400	49156
0.284171	1400	49157
0.285386	1400	49153
0.285404	1400	49156
0.285421	1400	49157
0.286386	1400	49153
0.286421	2500	49154
0.286439	1400	49156
0.286457	1400	49157
0.286636	1700	49154
0.286636	1400	49154
0.286689	2500	49155
0.286689	2500	49155
0.286689	600	49155
0.287636	1400	49154
0.287654	1400	49155
0.287671	1400	49156
0.287689	1400	49157
0.287707	1400	49153
0.288671	1400	49156
0.288689	1400	49157
0.288707	1400	49153
0.289886	1400	49153
0.289921	1400	49154
0.289921	1400	49154
0.289957	1400	49155
0.289957	1400	49155
0.289975	1400	49156
0.289993	1400	49157
0.290886	1400	49156
0.290904	1400	49157
0.290921	1400	49153
0.290939	1400	49154
0.290957	1400	49155
0.292136	1400	49154
0.292154	1400	49155
0.292171	1400	49156
0.292189	1400	49157
0.292207	1400	49153
0.293136	1400	49153
0.293154	1400	49154
0.293171	1400	49155
0.293189	1400	49156
0.293207	1400	49157
0.294386	1400	49153
0.294404	1400	49154
0.294421	1400	49155
0.294439	1400	49156
0.294457	1400	49157
0.295386	1400	49153
0.295404	1400	49154
0.295421	1400	49155
0.295439	1400	49156
0.295457	1400	49157
0.296636	1400	49153
0.296654	1400	49154
0.296671	1400	49155
0.296689	1400	49156
0.296707	1400	49157
0.297636	1400	49154
0.297654	1400	49155
0.298886	1400	49154
0.298904	1400	49155
0.299886	1400	49154
0.299904	1400	49155
0.301136	1400	49154
0.301154	1400	49155
0.302136	1400	49154
0.302154	1400	49155
0.303386	1400	49154
0.303404	1400	49155
0.304386	1400	49154
0.304404	1400	49155
0.305636	1400	49154
0.305654	1400	49155
0.306636	1400	49154
0.306654	1400	49155
0.307886	1400	49154
0.307904	1400	49155
0.308886	1400	49154
0.308904	1400	49155
0.309886	1400	49154
0.309904	1400	49155
0.311136	1400	49154
0.311154	1400	49155
0.312136	1400	49154
0.312154	1400	49155
0.313386	1400	49154
0.313404	1400	49155
0.314386	1400	49154
0.314404	1400	49155
0.314546	2500	49153
0.314546	2500	49153
0.314546	2500	49153
0.314546	2500	49153
0.314546	2500	49153
0.314546	2500	49153
0.314671	2500	49153
0.314671	2500	49153
0.314671	1000	49153
0.315636	1400	49154
0.315654	1400	49155
0.315671	1400	49153
0.315671	1400	49153
0.316636	1400	49153
0.316654	1400	49154
0.316671	1400	49155
0.317886	1400	49154
0.317904	1400	49155
0.317921	1400	49153
0.318886	1400	49154
0.318904	1400	49155
0.318921	1400	49153
0.320136	1400	49154
0.320154	1400	49155
0.320171	1400	49153
0.321136	1400	49154
0.321154	1400	49155
0.321171	1400	49153
0.322386	1400	49154
0.322404	1400	49155
0.322421	1400	49153
0.323386	1400	49154
0.323404	1400	49155
0.323421	1400	49153
0.324439	2500	49156
0.324439	2500	49156
0.324439	2500	49156
0.324511	2500	49157
0.324511	2500	49157
0.324511	2500	49157
0.324636	1400	49154
0.324654	1400	49155
0.324725	2500	49156
0.324725	2500	49156
0.324725	2500	49156
0.324796	2500	49157
0.324796	2500	49157
0.324796	2500	49157
0.324814	1400	49153
0.324975	2500	49156
0.324975	2500	49156
0.324975	2500	49156
0.324975	2500	49156
0.324975	2500	49156
0.325082	2500	49157
0.325082	2500	49157
0.325082	2500	49157
0.325082	2500	49157
0.325082	2500	49157
0.325171	2500	49156
0.325171	2500	49156
0.325171	1100	49156
0.325225	2500	49157
0.325225	2500	49157
0.325225	1100	49157
0.325636	1400	49156
0.325636	1400	49156
0.325654	1400	49157
0.325654	1400	49157
0.325671	1400	49153
0.325689	1400	49154
0.325707	1400	49155
0.326886	1400	49156
0.326904	1400	49157
0.326921	1400	49153
0.326939	1400	49154
0.326957	1400	49155
0.327886	1400	49153
0.327904	1400	49154
0.327921	1400	49155
0.327939	1400	49156
0.327957	1400	49157
0.329136	1400	49153
0.329154	1400	49154
0.329171	1400	49155
0.329189	1400	49156
0.329207	1400	49157
0.330136	1400	49153
0.330154	1400	49154
0.330171	1400	49155
0.330189	1400	49156
0.330207	1400	49157
0.331386	1400	49153
0.331404	1400	49154
0.331421	1400	49155
0.331439	1400	49156
0.331457	1400	49157
0.332386	1400	49153
0.332404	1400	49154
0.332421	1400	49155
0.332439	1400	49156
0.332457	1400	49157
0.333636	1400	49153
0.333654	1400	49154
0.333671	1400	49155
0.333689	1400	49156
0.333707	1400	49157
0.334636	1400	49153
0.334654	1400	49154
0.334671	1400	49155
0.334689	1400	49156
0.334707	1400	49157
0.335886	1400	49153
0.335904	1400	49154
0.335921	1400	49155
0.335939	1400	49156
0.335957	1400	49157
0.336886	1400	49153
0.336904	1400	49154
0.336921	1400	49155
0.336939	1400	49156
0.336957	1400	49157
0.337886	1400	49153
0.337904	1400	49154
0.337921	1400	49155
0.337939	1400	49156
0.337957	1400	49157
0.339136	1400	49153
0.339154	1400	49154
0.339171	1400	49155
0.339189	1400	49156
0.339207	1400	49157
0.340136	1400	49153
0.340154	1400	49154
0.340171	1400	49155
0.340189	1400	49156
0.340207	1400	49157
0.341386	1400	49153
0.341404	1400	49154
0.341421	1400	49155
0.341439	1400	49156
0.341457	1400	49157
0.342386	1400	49153
0.342404	1400	49154
0.342421	1400	49155
0.342439	1400	49156
0.342457	1400	49157
0.343636	1400	49153
0.343654	1400	49154
0.343671	1400	49155
0.343689	1400	49156
0.343707	1400	49157
0.344636	1400	49153
0.344654	1400	49154
0.344671	1400	49155
0.345886	1400	49153
0.345904	1400	49154
0.345921	1400	49155
0.346886	1400	49153
0.346904	1400	49154
0.346921	1400	49155
0.348136	1400	49153
0.348154	1400	49154
0.348171	1400	49155
0.348207	2500	49156
0.348243	2500	49157
0.348386	2500	49156
0.348386	600	49156
0.348404	2500	49157
0.348404	600	49157
0.349136	1400	49156
0.349154	1400	49157
0.349171	1400	49153
0.349189	1400	49154
0.349207	1400	49155
0.350421	1400	49153
0.350439	1400	49154
0.350457	1400	49155
0.351404	1400	49156
0.351404	1400	49156
0.351439	1400	49157
0.351439	1400	49157
0.351457	1400	49153
0.351475	1400	49154
0.351493	1400	49155
0.352636	1400	49153
0.352654	1400	49154
0.352671	1400	49155
0.352689	1400	49156
0.352707	1400	49157
0.353636	1400	49156
0.353654	1400	49157
0.353671	1400	49153
0.353689	1400	49154
0.353707	1400	49155
0.354886	1400	49156
0.354904	1400	49157
0.354921	1400	49153
0.354939	1400	49154
0.354957	1400	49155
0.355886	1400	49156
0.355904	1400	49157
0.355921	1400	49153
0.355939	1400	49154
0.355957	1400	49155
0.357136	1400	49156
0.357154	1400	49157
0.357171	1400	49153
0.357189	1400	49154
0.357207	1400	49155
0.358136	1400	49156
0.358154	1400	49157
0.358171	1400	49153
0.358189	1400	49154
0.358207	1400	49155
0.359386	1400	49156
0.359404	1400	49157
0.359421	1400	49153
0.359439	1400	49154
0.359457	1400	49155
0.360386	1400	49156
0.360404	1400	49157
0.360421	1400	49153
0.360439	1400	49154
0.360457	1400	49155
0.361636	1400	49156
0.361654	1400	49157
0.361671	1400	49153
0.361689	1400	49154
0.361707	1400	49155
0.362636	1400	49156
0.362654	1400	49157
0.362671	1400	49153
0.362689	1400	49154
0.362707	1400	49155
0.363886	1400	49156
0.363904	1400	49157
0.363921	1400	49153
0.364886	1400	49156
0.364904	1400	49157
0.364921	1400	49153
0.365886	1400	49156
0.365904	1400	49157
0.365921	1400	49153
0.367136	1400	49156
0.367154	1400	49157
0.367171	1400	49153
0.368136	1400	49153
0.368154	1400	49156
0.368171	1400	49157
0.369386	1400	49156
0.369404	1400	49157
0.369421	1400	49153
0.370386	1400	49156
0.370404	1400	49157
0.370421	1400	49153
0.371636	1400	49156
0.371654	1400	49157
0.371671	1400	49153
0.372636	1400	49156
0.372654	1400	49157
0.372671	1400	49153
0.373886	1400	49156
0.373904	1400	49157
0.374886	1400	49156
0.374904	1400	49157
0.376136	1400	49156
0.376154	1400	49157
0.377136	1400	49156
0.377154	1400	49157
0.378386	1400	49156
0.378404	1400	49157
0.379386	1400	49156
0.379404	1400	49157
0.380636	1400	49156
0.380654	1400	49157
0.381636	1400	49156
0.381654	1400	49157
0.382886	1400	49156
0.382904	1400	49157
0.383886	1400	49156
0.383904	1400	49157
0.385136	1400	49156
0.385154	1400	49157
0.386136	1400	49156
0.386154	1400	49157
0.387386	1400	49156
0.387404	1400	49157
0.388386	1400	49156
0.388404	1400	49157
0.389636	1400	49156
0.389654	1400	49157
0.390475	2500	49154
0.390475	2500	49154
0.390475	2500	49154
0.390475	2500	49154
0.390582	2500	49155
0.390582	2500	49155
0.390582	2500	49155
0.390582	2500	49155
0.390671	2500	49154
0.390671	2500	49154
0.390671	2500	49154
0.390725	2500	49155
0.390725	2500	49155
0.390725	2500	49155
0.390743	1400	49156
0.390761	1400	49157
0.390975	2500	49154
0.390975	2500	49154
0.390975	2500	49154
0.390975	2500	49154
0.390975	2500	49154
0.391082	2500	49155
0.391082	2500	49155
0.391082	2500	49155
0.391082	2500	49155
0.391082	2500	49155
0.391154	2500	49154
0.391154	1100	49154
0.391189	2500	49155
0.391189	1100	49155
0.391886	1400	49154
0.391886	1400	49154
0.391904	1400	49155
0.391904	1400	49155
0.391921	1400	49156
0.391939	1400	49157
0.392886	1400	49155
0.392904	1400	49156
0.392921	1400	49157
0.392939	1400	49154
0.393886	1400	49154
0.393904	1400	49155
0.393921	1400	49156
0.393939	1400	49157
0.395136	1400	49154
0.395154	1400	49155
0.395171	1400	49156
0.395189	1400	49157
0.396136	1400	49154
0.396154	1400	49155
0.396171	1400	49156
0.396189	1400	49157
0.397386	1400	49154
0.397404	1400	49155
0.397421	1400	49156
0.397439	1400	49157
0.398386	1400	49154
0.398404	1400	49155
0.398421	1400	49156
0.398439	1400	49157
0.399636	1400	49154
0.399654	1400	49155
0.400582	2500	49153
0.400582	2500	49153
0.400582	2500	49153
0.400582	2500	49153
0.400582	2500	49153
0.400582	2500	49153
0.400582	2500	49153
0.400582	2500	49153
0.400582	2500	49153
0.400654	2500	49153
0.400654	2500	49153
0.400671	1400	49154
0.400689	1400	49155
0.400921	2500	49153
0.400921	2500	49153
0.400921	1100	49153
0.401886	1400	49153
0.401886	1400	49153
0.401904	1400	49154
0.401921	1400	49155
0.402886	1400	49153
0.402904	1400	49154
0.402921	1400	49155
0.404136	1400	49153
0.404154	1400	49154
0.404171	1400	49155
0.405136	1400	49153
0.405154	1400	49154
0.405171	1400	49155
0.406386	1400	49153
0.406404	1400	49154
0.406421	1400	49155
0.407386	1400	49153
0.407404	1400	49154
0.407421	1400	49155
0.408636	1400	49153
0.408654	1400	49154
0.408671	1400	49155
0.409636	1400	49153
0.409654	1400	49154
0.409671	1400	49155
0.410886	1400	49153
0.411886	1400	49153
0.413136	1400	49153
0.414136	1400	49153
0.414171	2500	49154
0.414386	1700	49154
0.414386	1400	49154
0.414439	2500	49155
0.414439	2500	49155
0.414439	600	49155
0.415386	1400	49154
0.415404	1400	49155
0.415421	1400	49153
0.416421	1400	49153
0.417636	1400	49153
0.417671	1400	49154
0.417671	1400	49154
0.417707	1400	49155
0.417707	1400	49155
0.418636	1400	49153
0.418654	1400	49154
0.418671	1400	49155
0.419886	1400	49154
0.419904	1400	49155
0.419921	1400	49153
0.420886	1400	49154
0.420904	1400	49155
0.421886	1400	49154
0.421904	1400	49155
0.423136	1400	49154
0.423154	1400	49155
0.424136	1400	49154
0.424154	1400	49155
0.424421	2500	49153
0.424421	2500	49153
0.424421	600	49153
0.425386	1400	49154
0.425404	1400	49155
0.425421	1400	49153
0.426457	1400	49153
0.426475	1400	49154
0.426493	1400	49155
0.427707	1400	49153
0.427725	1400	49154
0.427743	1400	49155
0.427904	2500	49156
0.427939	2500	49157
0.428636	2500	49156
0.428654	2500	49157
0.428671	1400	49153
0.428689	1400	49154
0.428707	1400	49155
0.429886	1400	49153
0.429904	1400	49154
0.429921	1400	49155
0.430886	1400	49153
0.430904	1400	49154
0.430921	1400	49155
0.432136	1400	49153
0.432154	1400	49154
0.432171	1400	49155
0.433136	1400	49153
0.433154	1400	49154
0.433171	1400	49155
0.434386	1400	49153
0.434404	1400	49154
0.434421	1400	49155
0.435386	1400	49153
0.435404	1400	49154
0.435421	1400	49155
0.436636	1400	49153
0.436654	1400	49154
0.436671	1400	49155
0.437636	1400	49153
0.437654	1400	49154
0.437671	1400	49155
0.438886	1400	49153
0.438904	1400	49154
0.438921	1400	49155
0.439886	1400	49153
0.439904	1400	49154
0.439921	1400	49155
0.441136	1400	49153
0.441154	1400	49154
0.441171	1400	49155
0.442136	1400	49153
0.442154	1400	49154
0.442171	1400	49155
0.443386	1400	49153
0.443404	1400	49154
0.443421	1400	49155
0.444386	1400	49153
0.444404	1400	49154
0.444421	1400	49155
0.445636	1400	49153
0.445654	1400	49154
0.445671	1400	49155
0.446636	1400	49153
0.446654	1400	49154
0.446671	1400	49155
0.447886	1400	49153
0.447904	1400	49154
0.447921	1400	49155
0.448886	1400	49153
0.448904	1400	49154
0.448921	1400	49155
0.449886	1400	49153
0.449904	1400	49154
0.449921	1400	49155
0.451136	1400	49153
0.451154	1400	49154
0.451171	1400	49155
0.451207	2500	49156
0.451243	2500	49157
0.451386	2500	49156
0.451404	2500	49157
0.452136	1400	49153
0.452154	1400	49154
0.452171	1400	49155
0.453386	1400	49153
0.453404	1400	49154
0.453421	1400	49155
0.454386	1400	49153
0.454404	1400	49154
0.454421	1400	49155
0.455636	1400	49153
0.455654	1400	49154
0.455671	1400	49155
0.456421	2500	49156
0.456421	2500	49156
0.456475	2500	49157
0.456475	2500	49157
0.456636	1400	49153
0.456654	1400	49154
0.456671	1400	49155
0.457886	1400	49153
0.457904	1400	49154
0.457921	1400	49155
0.458886	1400	49153
0.458904	1400	49154
0.458921	1400	49155
0.460136	1400	49153
0.460154	1400	49154
0.460171	1400	49155
0.461136	1400	49153
0.461154	1400	49154
0.461171	1400	49155
0.462386	1400	49153
0.462404	1400	49154
0.462421	1400	49155
0.463386	1400	49153
0.463404	1400	49154
0.463421	1400	49155
0.464636	1400	49153
0.464654	1400	49154
0.464671	1400	49155
0.465636	1400	49153
0.466886	1400	49153
0.467886	1400	49153
0.469136	1400	49153
0.470136	1400	49153
0.471386	1400	49153
0.474957	2500	49156
0.474957	2500	49156
0.474957	2500	49156
0.475046	2500	49157
0.475046	2500	49157
0.475046	2500	49157
0.476636	2500	49156
0.476886	2500	49157
0.480207	2500	49157
0.480207	2500	49157
0.480207	2500	49157
0.480296	2500	49156
0.480296	2500	49156
0.480296	2500	49156
0.481886	2500	49157
0.482136	2500	49156
0.493654	2500	49154
0.493689	2500	49155
0.494636	2500	49154
0.494654	2500	49155
0.498761	2500	49156
0.498761	2500	49156
0.498761	2500	49156
0.498761	2500	49156
0.498761	2500	49156
0.499011	2500	49157
0.499011	2500	49157
0.499011	2500	49157
0.499011	2500	49157
0.499011	2500	49157
0.499332	2500	49153
0.499332	2500	49153
0.499332	2500	49153
0.499332	2500	49153
0.499332	2500	49153
0.499332	2500	49153
0.499332	2500	49153
0.499332	2500	49153
0.499332	2500	49153
0.499457	2500	49153
0.499457	2500	49153
0.499457	2500	49153
0.499457	2500	49153
0.499457	1100	49153
0.500386	1400	49153
0.500386	1400	49153
0.500421	2500	49156
0.500421	2500	49156
0.500636	2500	49156
0.500689	2500	49157
0.500689	2500	49157
0.500689	2500	49157
0.501636	1400	49153
0.502636	1400	49153
0.503886	1400	49153
0.504029	2500	49157
0.504029	2500	49157
0.504029	2500	49157
0.504029	2500	49157
0.504029	2500	49157
0.504261	2500	49156
0.504261	2500	49156
0.504261	2500	49156
0.504261	2500	49156
0.504261	2500	49156
0.504886	1400	49153
0.505671	2500	49157
0.505671	2500	49157
0.505671	2500	49157
0.505904	1400	49153
0.505939	2500	49156
0.505939	2500	49156
0.506136	2500	49156
0.507136	1400	49153
0.508136	1400	49153
0.509386	1400	49153
0.510386	1400	49153
0.511636	1400	49153
0.512636	1400	49153
0.513886	1400	49153
0.514886	1400	49153
0.516136	1400	49153
0.516921	2500	49154
0.516921	2500	49154
0.516975	2500	49155
0.516975	2500	49155
0.517136	1400	49153
0.518386	1400	49153
0.518439	2500	49154
0.518439	2500	49154
0.518493	2500	49155
0.518493	2500	49155
0.522743	2500	49156
0.522743	2500	49156
0.522743	2500	49156
0.522743	2500	49156
0.522993	2500	49157
0.522993	2500	49157
0.522993	2500	49157
0.522993	2500	49157
0.523171	2500	49153
0.523171	2500	49153
0.523171	600	49153
0.523886	1400	49153
0.524207	2500	49156
0.524207	2500	49156
0.524404	2500	49156
0.524404	2500	49156
0.524636	2500	49157
0.527421	1400	49153
0.527421	1400	49153
0.527421	1400	49153
0.528046	2500	49157
0.528046	2500	49157
0.528046	2500	49157
0.528046	2500	49157
0.528046	2500	49157
0.528046	2500	49157
0.528046	2500	49157
0.528243	2500	49156
0.528243	2500	49156
0.528243	2500	49156
0.528243	2500	49156
0.528386	1400	49153
0.529636	1400	49153
0.529725	2500	49156
0.529725	2500	49156
0.529725	2500	49156
0.529725	2500	49156
0.529886	2500	49156
0.529904	2500	49157
0.530636	1400	49153
0.531886	1400	49153
0.532886	1400	49153
0.533457	2500	49157
0.533457	2500	49157
0.533457	2500	49157
0.533886	1400	49153
0.535136	1400	49153
0.535154	2500	49157
0.536136	1400	49153
0.537386	1400	49153
0.538386	1400	49153
0.539636	1400	49153
0.540636	1400	49153
0.540725	2500	49154
0.540725	2500	49154
0.540725	2500	49154
0.540814	2500	49155
0.540814	2500	49155
0.540814	2500	49155
0.541886	1400	49153
0.542386	2500	49154
0.542636	2500	49155
0.542886	1400	49153
0.544136	1400	49153
0.545136	1400	49153
0.546207	2500	49154
0.546207	2500	49154
0.546207	2500	49154
0.546296	2500	49155
0.546296	2500	49155
0.546296	2500	49155
0.546386	1400	49153
0.546475	2500	49156
0.546475	2500	49156
0.546475	2500	49156
0.546707	2500	49157
0.546707	2500	49157
0.546707	2500	49157
0.547386	1400	49153
0.547886	2500	49154
0.547975	2500	49156
0.547975	2500	49156
0.547975	2500	49156
0.547975	2500	49156
0.548136	2500	49155
0.548154	2500	49156
0.548404	2500	49157
0.548404	2500	49157
0.548636	1400	49153
0.549636	1400	49153
0.550886	1400	49153
0.551886	1400	49153
0.551975	2500	49156
0.551975	2500	49156
0.551975	2500	49156
0.552064	2500	49157
0.552064	2500	49157
0.552064	2500	49157
0.552064	2500	49157
0.552189	2500	49157
0.552189	2500	49157
0.553136	1400	49153
0.553511	2500	49156
0.553511	2500	49156
0.553511	2500	49156
0.553511	2500	49156
0.553511	2500	49156
0.553636	2500	49156
0.553671	2500	49157
0.553671	2500	49157
0.554136	1400	49153
0.555386	1400	49153
0.556386	1400	49153
0.557189	2500	49157
0.557189	2500	49157
0.557189	2500	49157
0.557636	1400	49153
0.558636	1400	49153
0.558904	2500	49157
0.559886	1400	49153
0.560886	1400	49153
0.561886	1400	49153
0.563136	1400	49153
0.564136	1400	49153
0.564511	2500	49154
0.564511	2500	49154
0.564511	2500	49154
0.564511	2500	49154
0.564511	2500	49154
0.564761	2500	49155
0.564761	2500	49155
0.564761	2500	49155
0.564761	2500	49155
0.564761	2500	49155
0.565386	1400	49153
0.566171	2500	49154
0.566171	2500	49154
0.566171	2500	49154
0.566421	2500	49155
0.566421	2500	49155
0.566439	1400	49153
0.566636	2500	49155
0.567636	1400	49153
0.568636	1400	49153
0.569886	1400	49153
0.570029	2500	49154
0.570029	2500	49154
0.570029	2500	49154
0.570029	2500	49154
0.570029	2500	49154
0.570261	2500	49155
0.570261	2500	49155
0.570261	2500	49155
0.570261	2500	49155
0.570261	2500	49155
0.570332	2500	49156
0.570332	2500	49156
0.570332	2500	49156
0.570439	2500	49157
0.570439	2500	49157
0.570439	2500	49157
0.570886	1400	49153
0.571671	2500	49154
0.571671	2500	49154
0.571671	2500	49154
0.571796	2500	49156
0.571796	2500	49156
0.571796	2500	49156
0.571796	2500	49156
0.571921	2500	49155
0.571921	2500	49155
0.572136	1400	49153
0.572154	2500	49155
0.572171	2500	49156
0.572207	2500	49157
0.572386	2500	49157
0.573136	1400	49153
0.574386	1400	49153
0.575386	1400	49153
0.575689	2500	49156
0.575689	2500	49156
0.575689	2500	49156
0.576011	2500	49157
0.576011	2500	49157
0.576011	2500	49157
0.576011	2500	49157
0.576011	2500	49157
0.576636	1400	49153
0.577261	2500	49156
0.577261	2500	49156
0.577261	2500	49156
0.577261	2500	49156
0.577261	2500	49156
0.577404	2500	49156
0.577636	1400	49153
0.578136	2500	49157
0.578886	1400	49153
0.579904	1400	49153
0.580993	2500	49157
0.580993	2500	49157
0.580993	2500	49157
0.580993	2500	49157
0.581136	1400	49153
0.582136	1400	49153
0.582654	2500	49157
0.582654	2500	49157
0.583386	1400	49153
0.584404	1400	49153
0.585636	1400	49153
0.586636	1400	49153
0.587886	1400	49153
0.588493	2500	49154
0.588493	2500	49154
0.588493	2500	49154
0.588493	2500	49154
0.588743	2500	49155
0.588743	2500	49155
0.588743	2500	49155
0.588743	2500	49155
0.588886	1400	49153
0.589886	1400	49153
0.590136	2500	49154
0.590207	2500	49155
0.590207	2500	49155
0.590207	2500	49155
0.590207	2500	49155
0.591136	1400	49153
0.592136	1400	49153
0.593386	1400	49153
0.594046	2500	49154
0.594046	2500	49154
0.594046	2500	49154
0.594046	2500	49154
0.594046	2500	49154
0.594046	2500	49154
0.594046	2500	49154
0.594189	2500	49155
0.594189	2500	49155
0.594189	2500	49155
0.594261	2500	49156
0.594261	2500	49156
0.594261	2500	49156
0.594332	2500	49157
0.594332	2500	49157
0.594332	2500	49157
0.594421	2500	49155
0.594439	1400	49153
0.595707	2500	49155
0.595707	2500	49155
0.595707	2500	49155
0.595707	2500	49155
0.595814	2500	49156
0.595814	2500	49156
0.595814	2500	49156
0.595814	2500	49156
0.595832	1400	49153
0.595886	2500	49154
0.595904	2500	49155
0.595957	2500	49157
0.596136	2500	49156
0.596154	2500	49157
0.596636	1400	49153
0.597886	1400	49153
0.598886	1400	49153
0.599457	2500	49154
0.599457	2500	49154
0.599457	2500	49154
0.599529	2500	49156
0.599529	2500	49156
0.599529	2500	49156
0.600136	1400	49153
0.600261	2500	49157
0.600261	2500	49157
0.600261	2500	49157
0.600261	2500	49157
0.601029	2500	49156
0.601029	2500	49156
0.601029	2500	49156
0.601029	2500	49156
0.601029	2500	49156
0.601029	2500	49156
0.601136	2500	49154
0.601386	2500	49156
0.601904	2500	49157
0.601904	2500	49157
0.604743	2500	49157
0.604743	2500	49157
0.604743	2500	49157
0.604743	2500	49157
0.606421	2500	49157
0.606421	2500	49157
0.606421	2500	49157
0.612207	2500	49154
0.612207	2500	49154
0.612207	2500	49154
0.612457	2500	49155
0.612457	2500	49155
0.612457	2500	49155
0.613904	2500	49154
0.613904	2500	49154
0.614136	2500	49155
0.617975	2500	49155
0.617975	2500	49155
0.617975	2500	49155
0.617975	2500	49155
0.618082	2500	49154
0.618082	2500	49154
0.618082	2500	49154
0.618082	2500	49154
0.618171	2500	49155
0.618171	2500	49155
0.618171	2500	49155
0.618225	2500	49156
0.618225	2500	49156
0.618279	2500	49157
0.618279	2500	49157
0.618332	2500	49154
0.618332	2500	49154
0.618404	2500	49156
0.618421	2500	49157
0.619493	2500	49155
0.619493	2500	49155
0.619493	2500	49155
0.619493	2500	49155
0.619493	2500	49155
0.619707	2500	49156
0.619707	2500	49156
0.619707	2500	49156
0.619707	2500	49156
0.619761	2500	49157
0.619761	2500	49157
0.619796	2500	49154
0.619796	2500	49154
0.619814	2500	49155
0.619904	2500	49156
0.620564	2500	49153
0.620564	2500	49153
0.620564	2500	49153
0.620564	2500	49153
0.620564	2500	49153
0.620564	2500	49153
0.620564	2500	49153
0.620564	2500	49153
0.620564	2500	49153
0.620654	2500	49153
0.621404	200	49153
0.621404	1400	49153
0.622386	1400	49153
0.623189	2500	49154
0.623189	2500	49154
0.623189	2500	49154
0.623439	2500	49156
0.623439	2500	49156
0.623439	2500	49156
0.623636	1400	49153
0.624207	2500	49157
0.624207	2500	49157
0.624207	2500	49157
0.624904	2500	49154
0.624957	2500	49156
0.624957	2500	49156
0.625136	2500	49156
0.625136	300	49156
0.625636	2500	49157
0.625904	1400	49153
0.625904	1400	49153
0.625921	1400	49156
0.626886	1400	49156
0.626904	1400	49153
0.628136	1400	49153
0.628154	1400	49156
0.628511	2500	49157
0.628511	2500	49157
0.628511	2500	49157
0.628511	2500	49157
0.628511	2500	49157
0.629136	1400	49153
0.629154	1400	49156
0.630154	2500	49157
0.630154	2500	49157
0.630154	900	49157
0.630386	1400	49153
0.630404	1400	49156
0.630421	1400	49157
0.631386	1400	49157
0.631404	1400	49153
0.631421	1400	49156
0.632636	1400	49153
0.633636	1400	49153
0.634886	1400	49153
0.635886	1400	49153
0.635957	2500	49154
0.635957	2500	49154
0.635957	2500	49154
0.636189	2500	49155
0.636189	2500	49155
0.636189	2500	49155
0.637136	1400	49153
0.637671	2500	49154
0.637671	2500	49154
0.637904	2500	49155
0.638136	1400	49153
0.639386	1400	49153
0.640386	1400	49153
0.641636	1400	49153
0.641743	2500	49154
0.641743	2500	49154
0.641743	2500	49154
0.641743	2500	49154
0.641832	2500	49155
0.641832	2500	49155
0.641832	2500	49155
0.641832	2500	49155
0.641939	2500	49155
0.641939	2500	49155
0.641993	2500	49156
0.641993	2500	49156
0.642046	2500	49157
0.642046	2500	49157
0.642082	2500	49154
0.642136	2500	49156
0.642154	2500	49157
0.642636	1400	49153
0.643386	2500	49154
0.643511	2500	49155
0.643511	2500	49155
0.643511	2500	49155
0.643511	2500	49155
0.643511	2500	49155
0.643511	2500	49155
0.643582	2500	49156
0.643582	2500	49156
0.643582	1500	49156
0.643671	2500	49154
0.643689	2500	49155
0.643886	1400	49156
0.643921	1400	49153
0.643939	2500	49154
0.644886	1400	49156
0.644904	1400	49153
0.645886	1400	49156
0.645904	1400	49153
0.646939	2500	49154
0.646939	2500	49154
0.646939	2500	49154
0.647136	1400	49156
0.647154	1400	49153
0.647725	2500	49157
0.647725	2500	49157
0.647725	2500	49157
0.647725	2500	49157
0.648136	1400	49153
0.648154	1400	49156
0.648171	2100	49157
0.648171	1400	49157
0.648654	2500	49154
0.649386	1400	49157
0.649404	1400	49153
0.649421	1400	49156
0.650404	1400	49156
0.650421	1400	49157
0.650439	1400	49153
0.651636	1400	49153
0.651654	1400	49156
0.652386	1400	49157
0.652636	1400	49157
0.652654	1400	49153
0.652671	1400	49156
0.653886	1400	49157
0.653904	1400	49153
0.653921	1400	49156
0.654886	1400	49157
0.654904	1400	49153
0.654921	1400	49156
0.656136	1400	49157
0.656154	1400	49153
0.656171	1400	49156
0.657136	1400	49157
0.657154	1400	49153
0.657171	1400	49156
0.658386	1400	49157
0.658404	1400	49153
0.658421	1400	49156
0.659386	1400	49157
0.659404	1400	49153
0.659421	1400	49156
0.659689	2500	49154
0.659689	2500	49154
0.659689	2500	49154
0.659939	2500	49155
0.659939	2500	49155
0.659939	2500	49155
0.660636	1400	49153
0.660654	1400	49156
0.660671	1400	49157
0.661421	2500	49154
0.661421	2500	49154
0.661636	1400	49153
0.661671	2500	49155
0.661689	1400	49156
0.661707	1400	49157
0.662886	1400	49153
0.662904	1400	49156
0.662921	1400	49157
0.663886	1400	49153
0.663904	1400	49156
0.663921	1400	49157
0.665136	1400	49156
0.665154	1400	49157
0.665171	1400	49153
0.665493	2500	49154
0.665493	2500	49154
0.665493	2500	49154
0.665493	2500	49154
0.665761	2500	49155
0.665761	2500	49155
0.665761	2500	49155
0.665761	2500	49155
0.665761	2500	49155
0.666136	1400	49153
0.666154	1400	49156
0.666171	1400	49157
0.667171	2500	49155
0.667171	2500	49155
0.667171	2500	49155
0.667225	2500	49154
0.667225	2500	49154
0.667225	2500	49154
0.667439	2500	49155
0.667439	2500	49155
0.667439	2500	49155
0.667457	1400	49156
0.667475	1400	49157
0.667493	1400	49153
0.667529	2500	49154
0.667671	2500	49155
0.667671	2500	49155
0.667671	2500	49155
0.668386	1400	49156
0.668404	1400	49157
0.668421	1400	49153
0.668904	2500	49154
0.669636	1400	49156
0.669654	1400	49157
0.669671	1400	49153
0.670654	2500	49154
0.670671	1400	49156
0.670689	1400	49157
0.670707	1400	49153
0.670904	2500	49154
0.671886	1400	49156
0.671904	1400	49157
0.671921	1400	49153
0.672404	2500	49154
0.672404	2500	49154
0.672886	1400	49153
0.672904	1400	49156
0.672921	1400	49157
0.673886	1400	49156
0.673904	1400	49157
0.675136	1400	49156
0.675154	1400	49157
0.676136	1400	49156
0.676154	1400	49157
0.677386	1400	49156
0.677404	1400	49157
0.678386	1400	49156
0.678404	1400	49157
0.679636	1400	49156
0.679654	1400	49157
0.680636	1400	49157
0.681886	1400	49157
0.682886	1400	49157
0.683439	2500	49154
0.683439	2500	49154
0.683439	2500	49154
0.683689	2500	49155
0.683689	2500	49155
0.683689	2500	49155
0.684136	1400	49157
0.685154	2500	49154
0.685171	1400	49157
0.685386	2500	49154
0.685421	2500	49155
0.686386	1400	49157
0.687386	1400	49157
0.688636	1400	49157
0.689207	2500	49154
0.689207	2500	49154
0.689207	2500	49154
0.689743	2500	49155
0.689743	2500	49155
0.689743	2500	49155
0.689743	2500	49155
0.690993	2500	49155
0.690993	2500	49155
0.690993	2500	49155
0.690993	2500	49155
0.690993	2500	49155
0.690993	2500	49155
0.691082	2500	49154
0.691082	2500	49154
0.691082	2500	49154
0.691082	2500	49154
0.691386	300	49155
0.691886	1400	49155
0.692671	2500	49154
0.692671	2500	49154
0.693136	1400	49155
0.694136	1400	49155
0.694421	2500	49154
0.694421	2000	49154
0.695386	1400	49155
0.696136	1400	49154
0.696386	1400	49154
0.696404	1400	49155
0.697636	1400	49154
0.697654	1400	49155
0.701243	2500	49153
0.701636	2500	49153
0.707189	2500	49154
0.707189	2500	49154
0.707189	2500	49154
0.707439	2500	49155
0.707439	2500	49155
0.707439	2500	49155
0.707582	2500	49156
0.707582	2500	49156
0.707582	2500	49156
0.707582	2500	49156
0.707582	2500	49156
0.707582	2500	49156
0.707779	2500	49156
0.707779	2500	49156
0.707779	2500	49156
0.707779	2500	49156
0.707779	2500	49156
0.707779	2500	49156
0.707779	2500	49156
0.707779	1100	49156
0.708636	1400	49156
0.708636	1400	49156
0.708921	2500	49154
0.708921	2500	49154
0.709154	2500	49155
0.709886	1400	49156
0.710904	1400	49156
0.712136	1400	49156
0.712921	2500	49154
0.712921	2500	49154
0.712921	700	49154
0.713136	1400	49154
0.713154	1400	49156
0.713457	2500	49155
0.713457	2500	49155
0.713457	2500	49155
0.714386	1400	49154
0.714404	2100	49155
0.714404	1400	49155
0.714421	1400	49156
0.715386	1400	49155
0.715404	1400	49156
0.715421	1400	49154
0.716529	2500	49157
0.716529	2500	49157
0.716529	2500	49157
0.716529	2500	49157
0.716529	2500	49157
0.716529	2500	49157
0.716529	2500	49157
0.716636	1400	49154
0.716654	1400	49155
0.716796	2500	49157
0.716796	2500	49157
0.716796	2500	49157
0.716796	2500	49157
0.716796	2500	49157
0.716796	2500	49157
0.716796	1100	49157
0.717636	1400	49157
0.717636	1400	49157
0.717654	1400	49154
0.717671	1400	49155
0.718886	1400	49157
0.718904	1400	49154
0.718921	1400	49155
0.719886	1400	49157
0.719904	1400	49154
0.719921	1400	49155
0.721136	1400	49154
0.721154	1400	49155
0.721189	1400	49157
0.722136	1400	49154
0.722154	1400	49155
0.722171	1400	49157
0.723386	1400	49154
0.723404	1400	49155
0.723421	1400	49157
0.724386	1400	49154
0.724404	1400	49155
0.724421	1400	49157
0.724957	2500	49153
0.724957	2500	49153
0.724957	2500	49153
0.725636	1400	49154
0.725654	1400	49155
0.726636	2500	49153
0.726654	1400	49154
0.726671	1400	49155
0.727886	1400	49154
0.727904	1400	49155
0.728886	1400	49154
0.728904	1400	49155
0.729886	1400	49154
0.729904	1400	49155
0.731136	1400	49154
0.731154	1400	49155
0.731546	2500	49156
0.731546	2500	49156
0.731546	2500	49156
0.731546	2500	49156
0.731546	2500	49156
0.731546	2500	49156
0.731546	2500	49156
0.732136	2100	49156
0.732136	1400	49156
0.732154	1400	49154
0.732171	1400	49155
0.733386	1400	49156
0.733404	1400	49154
0.733421	1400	49155
0.734386	1400	49156
0.734404	1400	49154
0.734421	1400	49155
0.735636	1400	49156
0.735654	1400	49154
0.735671	1400	49155
0.736636	1400	49156
0.736654	1400	49154
0.736671	1400	49155
0.737886	1400	49156
0.737904	1400	49154
0.737921	1400	49155
0.738886	1400	49156
0.738904	1400	49154
0.738921	1400	49155
0.740136	1400	49156
0.740296	2500	49157
0.740296	2500	49157
0.740296	2500	49157
0.740296	2500	49157
0.740296	2500	49157
0.740296	2500	49157
0.740296	2500	49157
0.740314	1400	49154
0.740332	1400	49155
0.741136	2100	49157
0.741136	1400	49157
0.741154	1400	49154
0.741171	1400	49155
0.741189	1400	49156
0.742386	1400	49157
0.742404	1400	49154
0.742421	1400	49155
0.742439	1400	49156
0.743386	1400	49154
0.743404	1400	49155
0.743421	1400	49156
0.743439	1400	49157
0.744636	1400	49154
0.744654	1400	49155
0.744671	1400	49156
0.744689	1400	49157
0.745636	1400	49154
0.745654	1400	49155
0.745671	1400	49156
0.745689	1400	49157
0.746886	1400	49154
0.746904	1400	49155
0.746921	1400	49156
0.746939	1400	49157
0.747886	1400	49154
0.747904	1400	49156
0.747921	1400	49157
0.748761	2500	49153
0.748761	2500	49153
0.748761	2500	49153
0.748761	2500	49153
0.748761	2500	49153
0.749136	1400	49154
0.749154	1400	49156
0.749171	1400	49157
0.750136	1400	49156
0.750154	1400	49157
0.750421	2500	49153
0.750421	2500	49153
0.750421	2500	49153
0.751386	1400	49156
0.751404	1400	49157
0.752386	1400	49157
0.753636	1400	49157
0.754636	1400	49157
0.755421	2500	49156
0.755421	1700	49156
0.755886	1400	49157
0.755904	1400	49156
0.756886	1400	49156
0.756904	1400	49157
0.757886	1400	49156
0.757904	1400	49157
0.759136	1400	49156
0.759154	1400	49157
0.760136	1400	49156
0.760154	1400	49157
0.761386	1400	49156
0.762386	1400	49156
0.763636	1400	49156
0.764171	2500	49157
0.764171	1700	49157
0.764636	1400	49157
0.764654	1400	49156
0.764975	2500	49154
0.764975	2500	49154
0.764975	2500	49154
0.764975	2500	49154
0.765082	2500	49155
0.765082	2500	49155
0.765082	2500	49155
0.765082	2500	49155
0.765189	2500	49154
0.765189	2500	49154
0.765189	2500	49154
0.765279	2500	49155
0.765279	2500	49155
0.765279	2500	49155
0.765279	2500	49155
0.765886	1400	49157
0.765904	2100	49154
0.765904	1400	49154
0.765921	2400	49155
0.765921	1400	49155
0.765939	1400	49156
0.766886	1400	49155
0.766904	1400	49156
0.766921	1400	49157
0.766939	1400	49154
0.768136	1400	49157
0.768154	1400	49154
0.768171	1400	49155
0.768189	1400	49156
0.769136	1400	49157
0.769154	1400	49154
0.769189	1400	49156
0.770386	1400	49157
0.770404	1400	49154
0.770439	1400	49155
0.770439	1400	49155
0.771386	1400	49157
0.771404	1400	49154
0.771421	1400	49155
0.772636	1400	49155
0.772654	1400	49157
0.772814	2500	49153
0.772814	2500	49153
0.772814	2500	49153
0.772814	2500	49153
0.772814	2500	49153
0.772814	2500	49153
0.772814	2500	49153
0.772832	1400	49154
0.772939	2500	49153
0.772939	2500	49153
0.773636	1400	49154
0.773654	1400	49155
0.773671	1400	49157
0.774636	2500	49153
0.774886	1400	49154
0.774904	1400	49155
0.774939	1400	49157
0.775886	1400	49154
0.775904	1400	49155
0.775921	1400	49157
0.777136	1400	49154
0.777154	1400	49155
0.777171	1400	49157
0.778136	1400	49154
0.778154	1400	49155
0.778171	1400	49157
0.778207	2500	49153
0.778475	2500	49153
0.778475	2500	49153
0.778475	2500	49153
0.778475	2500	49153
0.779225	2500	49156
0.779225	2500	49156
0.779225	2500	49156
0.779225	2500	49156
0.779386	1400	49154
0.779404	1400	49155
0.779421	1200	49156
0.779421	1400	49156
0.779886	2500	49153
0.780386	1400	49156
0.780404	1400	49154
0.780421	1400	49155
0.781636	1400	49156
0.781671	1400	49154
0.781689	1400	49155
0.782636	1400	49156
0.782654	1400	49154
0.782671	1400	49155
0.783886	1400	49154
0.783904	1400	49156
0.784886	1400	49154
0.784904	1400	49156
0.785886	1400	49156
0.787136	1400	49156
0.788136	1400	49156
0.788261	2500	49157
0.788261	2500	49157
0.788261	2500	49157
0.788261	2500	49157
0.788261	1200	49157
0.788689	2500	49155
0.788689	2500	49155
0.788689	2000	49155
0.788743	2500	49154
0.788743	1700	49154
0.789386	1400	49156
0.789404	1400	49157
0.789404	1400	49157
0.789421	1400	49154
0.789439	1400	49155
0.790386	1400	49157
0.790404	1400	49154
0.790421	1400	49155
0.790439	1400	49156
0.791636	1400	49157
0.791654	1400	49154
0.791671	1400	49155
0.791689	1400	49156
0.792636	1400	49157
0.793886	1400	49157
0.793921	1400	49154
0.793921	1400	49154
0.793957	1400	49155
0.793957	1400	49155
0.794886	1400	49157
0.794904	1400	49154
0.794921	1400	49155
0.796136	1400	49154
0.796154	1400	49155
0.796171	1400	49157
0.796814	2500	49153
0.796814	2500	49153
0.796814	2500	49153
0.796814	2500	49153
0.796814	2500	49153
0.796814	2500	49153
0.796814	2500	49153
0.796814	2500	49153
0.796921	2500	49156
0.796921	2500	49156
0.796921	600	49156
0.797136	1400	49156
0.797154	1400	49157
0.797171	1400	49154
0.797189	1400	49155
0.798386	1400	49156
0.798404	1400	49157
0.798439	2500	49153
0.798439	2500	49153
0.798457	1400	49154
0.798475	1400	49155
0.799386	1400	49154
0.799404	1400	49155
0.799421	1400	49156
0.799439	1400	49157
0.800636	1400	49154
0.800654	1400	49155
0.800671	1400	49156
0.800689	1400	49157
0.801636	1400	49154
0.801654	1400	49155
0.801671	1400	49156
0.801689	1400	49157
0.801939	2500	49153
0.801939	2500	49153
0.801939	2500	49153
0.802189	2500	49153
0.802189	2500	49153
0.802189	2500	49153
0.802886	1400	49154
0.802904	1400	49155
0.802921	1400	49156
0.802939	1400	49157
0.803654	2500	49153
0.803886	1400	49154
0.803904	1400	49155
0.803921	1400	49156
0.805136	1400	49154
0.805154	1400	49155
0.805171	1400	49156
0.805904	2500	49157
0.805904	300	49157
0.806136	1400	49157
0.806154	1400	49154
0.806171	1400	49155
0.806189	1400	49156
0.807386	1400	49157
0.807404	1400	49154
0.807421	1400	49156
0.808386	1400	49157
0.808404	1400	49154
0.808421	1400	49156
0.809636	1400	49157
0.809654	1400	49154
0.809671	1400	49156
0.810421	2500	49155
0.810421	1700	49155
0.810636	1400	49155
0.810654	1400	49156
0.810671	1400	49157
0.810689	1400	49154
0.811886	1400	49155
0.811904	1400	49156
0.811921	1400	49157
0.812386	1400	49154
0.812886	1400	49154
0.812904	1400	49155
0.812921	1400	49156
0.812939	1400	49157
0.813886	1400	49155
0.813904	1400	49156
0.813921	1400	49157
0.813939	1400	49154
0.815136	1400	49154
0.815154	1400	49155
0.815171	1400	49156
0.815189	1400	49157
0.816136	1400	49154
0.816154	1400	49155
0.816171	1400	49156
0.816189	1400	49157
0.817386	1400	49154
0.817404	1400	49155
0.817421	1400	49156
0.817439	1400	49157
0.818386	1400	49154
0.818404	1400	49155
0.818421	1400	49156
0.818439	1400	49157
0.819636	1400	49154
0.819654	1400	49155
0.819671	1400	49156
0.819689	1400	49157
0.820636	1400	49154
0.820654	1400	49155
0.820671	1400	49156
0.820689	1400	49157
0.820725	2500	49153
0.821011	2500	49153
0.821011	2500	49153
0.821011	2500	49153
0.821011	2500	49153
0.821011	2500	49153
0.821011	2500	49153
0.821886	1400	49154
0.821904	1400	49155
0.821921	1400	49156
0.821939	1400	49157
0.822386	2500	49153
0.822886	1400	49154
0.822904	1400	49155
0.822921	1400	49156
0.822939	1400	49157
0.824136	1400	49154
0.824154	1400	49155
0.824171	1400	49156
0.824189	1400	49157
0.825136	1400	49154
0.825154	1400	49155
0.825171	1400	49156
0.825796	2500	49153
0.825796	2500	49153
0.825796	2500	49153
0.825796	2500	49153
0.825796	2500	49153
0.825796	2500	49153
0.825796	2500	49153
0.826386	1400	49154
0.826404	1400	49155
0.826421	1400	49156
0.827404	2500	49153
0.827404	2500	49153
0.827421	1400	49154
0.827439	1400	49155
0.827457	1400	49156
0.828636	1400	49154
0.828654	1400	49155
0.828671	1400	49156
0.829654	2500	49157
0.829671	1400	49154
0.829689	1400	49155
0.829707	1400	49156
0.829904	2500	49157
0.829904	600	49157
0.829904	1400	49157
0.830886	1400	49157
0.830904	1400	49156
0.831886	1400	49157
0.831904	1400	49156
0.833136	1400	49156
0.833154	1400	49157
0.833921	2500	49155
0.833921	1700	49155
0.834136	1400	49155
0.834154	1400	49157
0.835386	1400	49155
0.835404	1400	49157
0.836189	2500	49154
0.836189	2500	49154
0.836189	2000	49154
0.836386	1400	49154
0.836404	1400	49155
0.836421	1400	49157
0.837636	1400	49154
0.837654	1400	49155
0.837671	1400	49157
0.838636	1400	49154
0.838654	1400	49155
0.838671	1400	49157
0.839886	1400	49154
0.839904	1400	49155
0.839921	1400	49157
0.840886	1400	49154
0.840904	1400	49155
0.840921	1400	49157
0.841886	1400	49154
0.841904	1400	49155
0.841921	1400	49157
0.843136	1400	49154
0.843154	1400	49155
0.843171	1400	49157
0.844136	1400	49154
0.844154	1400	49155
0.844529	2500	49153
0.844529	2500	49153
0.844529	2500	49153
0.844529	2500	49153
0.844529	2500	49153
0.844529	2500	49153
0.845386	1400	49154
0.845404	1400	49155
0.846154	2500	49153
0.846154	2500	49153
0.846404	1400	49154
0.846421	1400	49155
0.847636	1400	49154
0.847654	1400	49155
0.848636	1400	49154
0.849779	2500	49153
0.849779	2500	49153
0.849779	2500	49153
0.849779	2500	49153
0.849779	2500	49153
0.849779	2500	49153
0.851636	2500	49153
0.851957	2500	49157
0.851957	2500	49157
0.851957	2500	49157
0.852136	2300	49157
0.852136	1400	49157
0.853136	1400	49157
0.854386	1400	49157
0.855171	2500	49153
0.855171	2500	49153
0.855386	1400	49157
0.856636	1400	49157
0.857457	2500	49154
0.857457	2500	49154
0.857457	2500	49154
0.857564	2500	49155
0.857564	2500	49155
0.857564	2500	49155
0.857564	2500	49155
0.857636	2300	49154
0.857636	1400	49154
0.857654	1200	49155
0.857654	1400	49155
0.857671	1400	49157
0.858886	1400	49154
0.858904	1400	49155
0.858921	1400	49157
0.859886	1400	49155
0.859904	1400	49157
0.859921	1400	49154
0.861029	2500	49156
0.861029	2500	49156
0.861029	2500	49156
0.861029	2500	49156
0.861029	2500	49156
0.861029	2500	49156
0.861029	2500	49156
0.861136	1400	49157
0.861154	1400	49154
0.861171	1400	49155
0.861314	2500	49156
0.861314	2500	49156
0.861314	2500	49156
0.861314	2500	49156
0.861314	2500	49156
0.861314	2500	49156
0.861314	1100	49156
0.862136	1400	49156
0.862136	1400	49156
0.862154	1400	49157
0.862171	1400	49154
0.862189	1400	49155
0.863386	1400	49156
0.863404	1400	49157
0.863421	1400	49154
0.863439	1400	49155
0.864386	1400	49156
0.864404	1400	49157
0.864421	1400	49154
0.864439	1400	49155
0.865636	1400	49156
0.865654	1400	49157
0.865671	1400	49154
0.865689	1400	49155
0.866636	1400	49156
0.866654	1400	49157
0.866671	1400	49154
0.866689	1400	49155
0.867886	1400	49156
0.867904	1400	49154
0.867921	1400	49155
0.868511	2500	49153
0.868511	2500	49153
0.868511	2500	49153
0.868511	2500	49153
0.868511	2500	49153
0.868886	1400	49154
0.868904	1400	49155
0.868921	1400	49156
0.869886	1400	49154
0.869904	1400	49155
0.869921	1400	49156
0.870386	2500	49153
0.870904	2500	49157
0.871136	1400	49154
0.871154	1400	49155
0.871171	1700	49157
0.871171	1400	49157
0.872136	1400	49157
0.872171	1400	49154
0.872189	1400	49155
0.873386	1400	49157
0.873814	2500	49153
0.873814	2500	49153
0.873814	2500	49153
0.873814	2500	49153
0.873814	2500	49153
0.873814	2500	49153
0.873814	2500	49153
0.873814	2500	49153
0.874386	1400	49157
0.875404	2500	49153
0.875404	2500	49153
0.875439	2500	49155
0.875439	300	49155
0.875636	1400	49157
0.875671	1400	49155
0.876404	2500	49154
0.876636	1700	49154
0.876636	1400	49154
0.876654	1400	49155
0.876671	1400	49157
0.877886	1400	49154
0.877904	1400	49155
0.877921	1400	49157
0.878886	1400	49154
0.878904	1400	49155
0.878921	1400	49157
0.878957	2500	49153
0.879136	2500	49153
0.880136	1400	49154
0.880154	1400	49155
0.880171	1400	49157
0.881136	1400	49154
0.881154	1400	49155
0.881171	1400	49157
0.882386	1400	49154
0.882404	1400	49155
0.882421	1400	49157
0.883386	1400	49154
0.883404	1400	49155
0.883421	1400	49157
0.884636	1400	49154
0.884654	1400	49155
0.884814	2500	49156
0.884814	2500	49156
0.884814	2500	49156
0.884814	2500	49156
0.884814	2500	49156
0.884814	2500	49156
0.884814	2500	49156
0.884832	1400	49157
0.885636	1400	49157
0.885654	1400	49154
0.885671	1400	49155
0.885689	700	49156
0.885689	1400	49156
0.886886	1400	49157
0.886904	1400	49154
0.886921	1400	49155
0.886939	1400	49156
0.887886	1400	49157
0.887904	1400	49154
0.887921	1400	49155
0.887939	1400	49156
0.889136	1400	49157
0.889154	1400	49154
0.889171	1400	49155
0.889189	1400	49156
0.890136	1400	49154
0.890154	1400	49155
0.890171	1400	49156
0.891386	1400	49154
0.891404	1400	49155
0.891421	1400	49156
0.892386	1400	49154
0.892404	1400	49155
0.892421	1400	49156
0.892457	2500	49153
0.892707	2500	49153
0.892707	2500	49153
0.892707	2500	49153
0.893636	1400	49154
0.893654	1400	49155
0.893671	1400	49156
0.894154	2500	49153
0.894154	2500	49153
0.894421	2500	49157
0.894421	2500	49157
0.894421	600	49157
0.894636	1400	49157
0.894654	1400	49155
0.894671	1400	49156
0.895886	1400	49157
0.895921	1400	49156
0.896886	1400	49157
0.896904	1400	49156
0.897779	2500	49153
0.897779	2500	49153
0.897779	2500	49153
0.897779	2500	49153
0.897779	2500	49153
0.897779	2500	49153
0.897886	2500	49153
0.897886	1400	49153
0.897904	1400	49156
0.897921	1400	49157
0.899154	2500	49155
0.899171	1400	49156
0.899189	1400	49157
0.899386	2500	49155
0.899386	600	49155
0.899939	2500	49154
0.899939	2500	49154
0.899939	2000	49154
0.900136	1400	49154
0.900154	1400	49155
0.900171	1400	49156
0.900189	1400	49157
0.901386	1400	49154
0.901421	1400	49156
0.901439	1400	49157
0.902386	1400	49154
0.902421	1400	49155
0.902421	1400	49155
0.902439	1400	49156
0.902457	1400	49157
0.902671	2500	49153
0.902671	2500	49153
0.902671	600	49153
0.903636	1400	49154
0.903654	1400	49155
0.903671	1400	49156
0.903689	1400	49157
0.903707	1400	49153
0.904636	1400	49153
0.904654	1400	49154
0.904671	1400	49155
0.904689	1400	49156
0.904707	1400	49157
0.905886	1400	49153
0.905904	1400	49154
0.905921	1400	49155
0.905939	1400	49156
0.905957	1400	49157
0.906886	1400	49154
0.906904	1400	49155
0.906921	1400	49156
0.906939	1400	49157
0.908136	1400	49154
0.908154	1400	49155
0.908171	1400	49157
0.908636	1400	49156
0.909136	1400	49156
0.909154	1400	49154
0.909171	1400	49155
0.909386	1400	49157
0.910386	1400	49156
0.910404	1400	49157
0.910421	1400	49154
0.910439	1400	49155
0.911386	1400	49154
0.911404	1400	49155
0.911421	1400	49156
0.911439	1400	49157
0.912636	1400	49156
0.912654	1400	49157
0.912671	1400	49154
0.912689	1400	49155
0.913636	1400	49156
0.913654	1400	49157
0.913671	1400	49154
0.914886	1400	49156
0.914904	1400	49157
0.915886	1400	49156
0.915904	1400	49157
0.916207	2500	49153
0.916207	2500	49153
0.916207	2500	49153
0.917136	1400	49156
0.917154	1400	49157
0.917904	2500	49153
0.917904	2500	49153
0.917904	1500	49153
0.918136	1400	49153
0.918154	1400	49156
0.918171	1400	49157
0.919404	1400	49156
0.919421	1400	49157
0.920386	1400	49156
0.920404	1400	49157
0.921457	2500	49154
0.921457	2500	49154
0.921457	2500	49154
0.921457	900	49154
0.921636	1400	49156
0.921654	1400	49157
0.921689	2500	49153
0.921707	1400	49154
0.921886	1700	49153
0.922475	2500	49155
0.922475	2500	49155
0.922475	2500	49155
0.922475	2500	49155
0.922636	1400	49154
0.922654	1200	49155
0.922654	1400	49155
0.922671	1400	49156
0.922689	1400	49157
0.922707	1400	49153
0.923886	1400	49155
0.923904	1400	49156
0.923921	1400	49157
0.923939	1400	49153
0.923957	1400	49154
0.924886	1400	49155
0.924904	1400	49157
0.924921	1400	49153
0.924939	1400	49154
0.925886	1400	49155
0.925904	1400	49157
0.925921	1400	49153
0.925939	1400	49154
0.927136	1400	49155
0.927154	1400	49157
0.927171	1400	49153
0.927189	1400	49154
0.928136	1400	49155
0.928154	1400	49157
0.928171	1400	49153
0.928189	1400	49154
0.929386	1400	49153
0.929404	1400	49154
0.929421	1400	49155
0.929439	1400	49157
0.930386	1400	49153
0.930404	1400	49154
0.930421	1400	49155
0.930439	1400	49157
0.931636	1400	49153
0.931654	1400	49154
0.931671	1400	49155
0.931689	1400	49157
0.932457	2500	49156
0.932457	2500	49156
0.932457	2500	49156
0.932636	2300	49156
0.932636	1400	49156
0.932654	1400	49153
0.932671	1400	49154
0.932689	1400	49155
0.933886	1400	49156
0.933904	1400	49153
0.933921	1400	49154
0.933939	1400	49155
0.934886	1400	49156
0.934904	1400	49153
0.934921	1400	49154
0.934939	1400	49155
0.936136	1400	49156
0.936154	1400	49153
0.936171	1400	49154
0.936189	1400	49155
0.937136	1400	49153
0.937154	1400	49155
0.937171	1400	49156
0.938386	1400	49153
0.938404	1400	49155
0.938421	1400	49156
0.939386	1400	49153
0.939404	1400	49155
0.939421	1400	49156
0.940636	1400	49153
0.940654	1400	49155
0.940671	1400	49156
0.941421	2500	49154
0.941421	2500	49154
0.941421	600	49154
0.941636	1400	49154
0.941654	1400	49155
0.941671	1400	49156
0.941689	1400	49153
0.942886	1400	49154
0.942904	1400	49155
0.942921	1400	49156
0.942939	1400	49153
0.943886	1400	49154
0.943904	1400	49155
0.943921	1400	49156
0.943939	1400	49153
0.945136	1400	49154
0.945154	1400	49155
0.945171	1400	49156
0.945189	1400	49153
0.946136	1400	49154
0.946154	1400	49155
0.946171	1400	49156
0.946189	1400	49153
0.947386	1400	49154
0.947404	1400	49155
0.947421	1400	49156
0.947439	1400	49153
0.948386	1400	49154
0.948404	1400	49155
0.948421	1400	49153
0.949636	1400	49154
0.949654	1400	49155
0.949671	1400	49153
0.950636	1400	49154
0.950654	1400	49155
0.950671	1400	49153
0.951654	2500	49156
0.951886	1400	49154
0.951904	1400	49155
0.951921	1700	49156
0.951921	1400	49156
0.951939	1400	49153
0.952886	1400	49156
0.952904	1400	49153
0.952921	1400	49154
0.952939	1400	49155
0.953886	1400	49156
0.953904	1400	49153
0.953921	1400	49154
0.953939	1400	49155
0.955136	1400	49156
0.955154	1400	49153
0.955171	1400	49154
0.955189	1400	49155
0.956136	1400	49156
0.956154	1400	49153
0.956171	1400	49154
0.956189	1400	49155
0.957386	1400	49156
0.957404	1400	49153
0.957421	1400	49154
0.957439	1400	49155
0.958386	1400	49156
0.958404	1400	49155
0.959546	2500	49157
0.959546	2500	49157
0.959546	2500	49157
0.959546	2500	49157
0.959546	2500	49157
0.959546	2500	49157
0.959546	2500	49157
0.959546	2500	49157
0.959636	1400	49155
0.959654	1400	49156
0.959779	2500	49157
0.959779	2500	49157
0.959779	2500	49157
0.959779	2500	49157
0.959779	2500	49157
0.959779	1100	49157
0.960636	1400	49157
0.960636	1400	49157
0.960654	1400	49156
0.961886	1400	49157
0.961904	1400	49156
0.962886	1400	49156
0.962904	1400	49157
0.963939	2500	49154
0.963939	2500	49154
0.963939	2000	49154
0.964136	1400	49156
0.964154	1400	49157
0.964171	1400	49154
0.965136	1400	49154
0.965154	1400	49156
0.965171	1400	49157
0.966386	1400	49154
0.966404	1400	49156
0.966421	1400	49157
0.967386	1400	49154
0.967404	1400	49156
0.967421	1400	49157
0.968636	1400	49154
0.968654	1400	49156
0.968671	1400	49157
0.969636	1400	49154
0.969654	1400	49156
0.969671	1400	49157
0.970886	1400	49154
0.970904	1400	49157
0.971886	1400	49154
0.973136	1400	49154
0.974136	1400	49154
0.975171	2500	49156
0.975171	2500	49156
0.975171	600	49156
0.975386	1400	49154
0.975404	1400	49156
0.976386	1400	49156
0.976404	1400	49154
0.977636	1400	49156
0.977654	1400	49154
0.978636	1400	49156
0.979886	1400	49156
0.980886	1400	49156
0.981886	1400	49156
0.983136	1400	49156
0.983279	2500	49157
0.983279	2500	49157
0.983279	2500	49157
0.983279	2500	49157
0.983279	2500	49157
0.983279	2500	49157
0.984136	1400	49156
0.984154	400	49157
0.984154	1400	49157
0.985207	2500	49153
0.985207	2500	49153
0.985207	2500	49153
0.985279	2500	49154
0.985279	2500	49154
0.985279	2500	49154
0.985386	1400	49157
0.985546	2500	49153
0.985546	2500	49153
0.985546	2500	49153
0.985546	2500	49153
0.985546	2500	49153
0.985546	2500	49153
0.985546	2500	49153
0.985564	900	49154
0.985564	1400	49154
0.985582	1400	49156
0.985689	2500	49153
0.985689	2500	49153
0.985689	2500	49153
0.985689	1100	49153
0.986386	1400	49153
0.986386	1400	49153
0.986404	1400	49154
0.986421	1400	49156
0.986439	1400	49157
0.987511	2500	49155
0.987511	2500	49155
0.987511	2500	49155
0.987511	2500	49155
0.987511	2500	49155
0.987511	2500	49155
0.987636	1400	49156
0.987654	1400	49157
0.987671	1400	49153
0.987689	1400	49154
0.987832	2500	49155
0.987832	2500	49155
0.987832	2500	49155
0.987832	2500	49155
0.987832	2500	49155
0.987832	2500	49155
0.987832	2500	49155
0.987886	1100	49155
0.988636	1400	49155
0.988636	1400	49155
0.988654	1400	49156
0.988671	1400	49157
0.988689	1400	49153
0.988707	1400	49154
0.989886	1400	49155
0.989904	1400	49157
0.989921	1400	49153
0.989939	1400	49154
0.990886	1400	49155
0.990904	1400	49157
0.990921	1400	49153
0.990939	1400	49154
0.992136	1400	49155
0.992154	1400	49157
0.992171	1400	49153
0.992189	1400	49154
0.993136	1400	49155
0.993154	1400	49157
0.993171	1400	49153
0.993189	1400	49154
0.994386	1400	49154
0.994404	1400	49155
0.994421	1400	49157
0.995386	1400	49154
0.995404	1400	49155
0.995421	1400	49157
0.996636	1400	49154
0.996654	1400	49155
0.996671	1400	49157
0.997457	2500	49156
0.997457	2500	49156
0.997457	2500	49156
0.997636	2300	49156
0.997636	1400	49156
0.997654	1400	49157
0.997671	1400	49154
0.997689	1400	49155
0.998886	1400	49156
0.998904	1400	49157
0.998939	1400	49154
0.998957	1400	49155
0.999886	1400	49156
0.999904	1400	49157
0.999921	1400	49154
1.00114	1400	49156
1.00115	1400	49157
1.00214	1400	49156
1.00215	1400	49157
1.00339	1400	49156
1.0034	1400	49157
1.00439	1400	49156
1.0044	1400	49157
1.0054	2500	49154
1.00565	2500	49154
1.00565	600	49154
1.00565	1400	49154
1.00567	1400	49156
1.00569	1400	49157
1.00664	1400	49154
1.00665	1400	49156
1.00667	1400	49157
1.00789	1400	49154
1.0079	1400	49156
1.00792	1400	49157
1.00889	1400	49154
1.0089	1400	49156
1.00892	1400	49157
1.00896	2500	49153
1.00926	2500	49153
1.00926	2500	49153
1.00926	2500	49153
1.00926	2500	49153
1.00926	2500	49153
1.00926	2500	49153
1.00989	2100	49153
1.00989	1400	49153
1.0099	1400	49154
1.00992	1400	49156
1.00994	1400	49157
1.01114	1400	49153
1.01115	1400	49154
1.0113	2500	49155
1.0113	2500	49155
1.0113	2500	49155
1.0113	2500	49155
1.0113	2500	49155
1.0113	2500	49155
1.01131	1400	49156
1.01133	1400	49157
1.01214	1400	49156
1.01215	1400	49157
1.01217	1400	49153
1.01219	1400	49154
1.01221	400	49155
1.01221	1400	49155
1.01339	1400	49156
1.0134	1400	49157
1.01342	1400	49153
1.01344	1400	49154
1.01346	1400	49155
1.01439	1400	49156
1.0144	1400	49157
1.01442	1400	49153
1.01444	1400	49154
1.01446	1400	49155
1.01564	1400	49156
1.01565	1400	49157
1.01567	1400	49153
1.01569	1400	49154
1.01571	1400	49155
1.01664	1400	49156
1.01665	1400	49157
1.01667	1400	49153
1.01669	1400	49154
1.01671	1400	49155
1.01789	1400	49156
1.0179	1400	49157
1.01792	1400	49153
1.01794	1400	49154
1.01796	1400	49155
1.01889	1400	49156
1.0189	1400	49157
1.01892	1400	49153
1.01894	1400	49154
1.01896	1400	49155
1.02014	1400	49156
1.02015	1400	49157
1.02017	1400	49153
1.02019	1400	49154
1.02021	1400	49155
1.02114	1400	49156
1.02115	1400	49157
1.02117	1400	49153
1.02119	1400	49154
1.02121	1400	49155
1.02239	1400	49156
1.0224	1400	49157
1.02242	1400	49153
1.02244	1400	49155
1.02339	1400	49156
1.0234	1400	49157
1.02342	1400	49153
1.02344	1400	49155
1.02464	1400	49156
1.02465	1400	49157
1.02467	1400	49153
1.02469	1400	49155
1.02564	1400	49156
1.02565	1400	49153
1.02567	1400	49155
1.02689	1400	49153
1.02692	1400	49155
1.02694	1400	49156
1.02769	2500	49154
1.02769	2500	49154
1.02769	2000	49154
1.02789	1400	49154
1.0279	1400	49155
1.02792	1400	49156
1.02794	1400	49153
1.02914	1400	49154
1.02915	1400	49155
1.02917	1400	49156
1.02919	1400	49153
1.03014	1400	49154
1.03015	1400	49155
1.03017	1400	49156
1.03139	1400	49154
1.0314	1400	49155
1.03142	1400	49156
1.03239	1400	49154
1.0324	1400	49155
1.03242	1400	49156
1.03267	2500	49153
1.03267	1700	49153
1.03364	1400	49154
1.03365	1400	49155
1.03367	1400	49156
1.03369	1400	49153
1.03464	1400	49153
1.03465	1400	49154
1.03467	1400	49155
1.03469	1400	49156
1.03589	1400	49153
1.0359	1400	49154
1.03592	1400	49155
1.03594	1400	49156
1.03606	2500	49157
1.03606	2500	49157
1.03606	2500	49157
1.03606	2500	49157
1.03606	2500	49157
1.03689	1400	49153
1.0369	1400	49154
1.03692	1400	49155
1.03694	1400	49156
1.03696	1500	49157
1.03696	1400	49157
1.03789	1400	49157
1.0379	1400	49153
1.03792	1400	49154
1.03794	1400	49155
1.03796	1400	49156
1.03914	1400	49157
1.03915	1400	49153
1.03917	1400	49154
1.03919	1400	49155
1.03921	1400	49156
1.04015	1400	49153
1.04017	1400	49154
1.04019	1400	49155
1.04021	1400	49156
1.04139	1400	49153
1.0414	1400	49154
1.04142	1400	49155
1.04144	1400	49156
1.04147	1400	49157
1.04147	1400	49157
1.04239	1400	49153
1.0424	1400	49155
1.04242	1400	49156
1.04244	1400	49157
1.04364	1400	49153
1.04365	1400	49155
1.04367	1400	49156
1.04369	1400	49157
1.04464	1400	49153
1.04465	1400	49155
1.04467	1400	49156
1.04469	1400	49157
1.04589	1400	49153
1.0459	1400	49155
1.04592	1400	49156
1.04594	1400	49157
1.04689	1400	49153
1.0469	1400	49155
1.04692	1400	49156
1.04694	1400	49157
1.04814	1400	49155
1.04815	1400	49156
1.04817	1400	49157
1.04896	2500	49154
1.04896	2500	49154
1.04896	2500	49154
1.04896	900	49154
1.04914	1400	49154
1.04915	1400	49155
1.04917	1400	49156
1.04919	1400	49157
1.05039	1400	49154
1.0504	1400	49155
1.05042	1400	49156
1.05044	1400	49157
1.05139	1400	49154
1.0514	1400	49155
1.05142	1400	49157
1.05264	1400	49157
1.05267	1400	49154
1.05269	1400	49155
1.05364	1400	49157
1.05365	1400	49154
1.05489	1400	49157
1.0549	1400	49154
1.05589	1400	49154
1.0559	1400	49157
1.05647	2500	49153
1.05647	2500	49153
1.05647	2500	49153
1.05647	2500	49153
1.05714	1400	49154
1.05715	1400	49157
1.05717	1200	49153
1.05717	1400	49153
1.05814	1400	49153
1.05815	1400	49154
1.05817	1400	49157
1.05939	1400	49153
1.0594	1400	49154
1.05942	1400	49157
1.0604	1400	49154
1.06042	1400	49157
1.06164	1400	49154
1.06165	1400	49157
1.06169	1400	49153
1.06169	1400	49153
1.06264	1400	49154
1.06265	1400	49157
1.06267	1400	49153
1.06389	1400	49153
1.0639	1400	49154
1.06392	1400	49157
1.06489	1400	49153
1.0649	1400	49157
1.06589	1400	49153
1.0659	1400	49157
1.06714	1400	49153
1.06715	1400	49157
1.06814	1400	49153
1.06815	1400	49157
1.06915	2500	49154
1.0694	2500	49154
1.0694	600	49154
1.0694	1400	49154
1.06942	1400	49157
1.07039	1400	49154
1.0704	1400	49157
1.07164	1400	49154
1.07165	1400	49157
1.07264	1400	49154
1.07265	1400	49157
1.07389	1400	49154
1.0739	1400	49157
1.07469	2500	49153
1.07469	2500	49153
1.07469	2000	49153
1.07489	1400	49153
1.0749	1400	49154
1.07492	1400	49157
1.07614	1400	49153
1.07615	1400	49154
1.07617	1400	49157
1.07714	1400	49153
1.07715	1400	49154
1.07717	1400	49157
1.07828	2500	49156
1.07828	2500	49156
1.07828	2500	49156
1.07828	2500	49156
1.07828	2500	49156
1.07828	2500	49156
1.07828	2500	49156
1.07839	1400	49157
1.0784	1400	49153
1.07842	1400	49154
1.07856	2500	49156
1.07856	2500	49156
1.07856	2500	49156
1.07856	2500	49156
1.07856	2500	49156
1.07856	2500	49156
1.07856	1100	49156
1.07939	1400	49156
1.07939	1400	49156
1.0794	1400	49157
1.07942	1400	49153
1.07944	1400	49154
1.08044	2500	49155
1.08044	2500	49155
1.08044	2500	49155
1.08064	1400	49156
1.08065	1400	49157
1.08067	1400	49153
1.08069	1400	49154
1.08083	2500	49155
1.08083	2500	49155
1.08083	2500	49155
1.08083	2500	49155
1.08083	2500	49155
1.08083	2500	49155
1.08096	2500	49155
1.08096	2500	49155
1.08096	2500	49155
1.08096	2500	49155
1.08096	1100	49155
1.08164	1400	49155
1.08164	1400	49155
1.08165	1400	49156
1.08167	1400	49153
1.08169	1400	49154
1.08289	1400	49155
1.0829	1400	49156
1.08292	1400	49153
1.08294	1400	49154
1.08389	1400	49155
1.0839	1400	49156
1.08392	1400	49153
1.08394	1400	49154
1.08514	1400	49155
1.08515	1400	49156
1.08517	1400	49153
1.08519	1400	49154
1.08614	1400	49153
1.08615	1400	49155
1.08617	1400	49156
1.08739	1400	49153
1.0874	1400	49155
1.08742	1400	49156
1.08839	1400	49153
1.0884	1400	49155
1.08842	1400	49156
1.08964	1400	49153
1.08965	1400	49155
1.08967	1400	49156
1.09064	1400	49153
1.09065	1400	49155
1.09169	2500	49154
1.09169	2500	49154
1.09169	2000	49154
1.09189	1400	49155
1.0919	1400	49153
1.09192	1400	49154
1.09289	1400	49154
1.0929	1400	49153
1.09389	1400	49154
1.0939	1400	49153
1.09514	1400	49153
1.09515	1400	49154
1.09614	1400	49153
1.09615	1400	49154
1.09739	1400	49153
1.0974	1400	49154
1.09839	1400	49153
1.0984	1400	49154
1.09964	1400	49153
1.09965	1400	49154
1.10064	1400	49153
1.10065	1400	49154
1.10189	1400	49153
1.1019	1400	49154
1.10205	2500	49156
1.10205	2500	49156
1.10205	2500	49156
1.10205	2500	49156
1.10205	2500	49156
1.10205	2500	49156
1.10289	1400	49153
1.1029	1400	49154
1.10292	400	49156
1.10292	1400	49156
1.10414	1400	49156
1.10415	1400	49153
1.10417	1400	49154
1.10431	2500	49155
1.10431	2500	49155
1.10431	2500	49155
1.10431	2500	49155
1.10431	2500	49155
1.10431	2500	49155
1.10514	1400	49156
1.10515	1400	49153
1.10517	1400	49154
1.10519	400	49155
1.10519	1400	49155
1.10639	1400	49155
1.1064	1400	49156
1.10642	1400	49153
1.10739	1400	49155
1.1074	1400	49156
1.10742	1400	49153
1.10853	2500	49157
1.10853	2500	49157
1.10853	2500	49157
1.10853	2500	49157
1.10853	2500	49157
1.10853	2500	49157
1.10853	2500	49157
1.10864	1400	49153
1.10865	1400	49155
1.10867	1400	49156
1.10881	2500	49157
1.10881	2500	49157
1.10881	2500	49157
1.10881	2500	49157
1.10881	2500	49157
1.10881	2500	49157
1.10881	1100	49157
1.10964	1400	49157
1.10964	1400	49157
1.10965	1400	49153
1.10967	1400	49155
1.10969	1400	49156
1.11089	1400	49157
1.1109	1400	49153
1.11094	1400	49155
1.11096	1400	49156
1.11189	1400	49157
1.1119	1400	49155
1.11192	1400	49156
1.11296	2500	49154
1.11296	2500	49154
1.11296	2500	49154
1.11296	900	49154
1.11314	1400	49155
1.11315	1400	49156
1.11317	1400	49157
1.11319	1400	49154
1.11414	1400	49154
1.11415	1400	49155
1.11417	1400	49156
1.11419	1400	49157
1.11539	1400	49154
1.1154	1400	49155
1.11542	1400	49156
1.11544	1400	49157
1.11639	1400	49154
1.1164	1400	49155
1.11642	1400	49156
1.11644	1400	49157
1.11764	1400	49154
1.11765	1400	49155
1.11767	1400	49156
1.11769	1400	49157
1.11864	1400	49154
1.11865	1400	49155
1.11867	1400	49156
1.11869	1400	49157
1.11989	1400	49154
1.1199	1400	49155
1.11992	1400	49156
1.11994	1400	49157
1.12089	1400	49154
1.1209	1400	49155
1.12092	1400	49156
1.12094	1400	49157
1.12189	1400	49154
1.1219	1400	49155
1.12192	1400	49156
1.12194	1400	49157
1.12314	1400	49154
1.12315	1400	49155
1.12317	1400	49156
1.12414	1400	49154
1.12415	1400	49155
1.12417	1400	49156
1.12539	1400	49154
1.1254	1400	49155
1.12542	1400	49156
1.12639	1400	49154
1.1264	1400	49155
1.12642	1400	49156
1.12764	1400	49154
1.12765	1400	49155
1.12767	1400	49156
1.12864	1400	49155
1.12865	1400	49156
1.12989	1400	49155
1.1299	1400	49156
1.13089	1400	49155
1.1309	1400	49156
1.13214	1400	49155
1.13215	1400	49156
1.13228	2500	49157
1.13228	2500	49157
1.13228	2500	49157
1.13228	2500	49157
1.13228	2500	49157
1.13292	2500	49154
1.13292	2500	49154
1.13292	600	49154
1.13314	1400	49154
1.13315	1400	49155
1.13317	1400	49156
1.13319	100	49157
1.13319	1400	49157
1.13439	1400	49154
1.1344	1400	49155
1.13442	1400	49156
1.13444	1400	49157
1.13539	1400	49154
1.1354	1400	49155
1.13542	1400	49156
1.13544	1400	49157
1.13664	1400	49154
1.13665	1400	49155
1.13667	1400	49156
1.13669	1400	49157
1.13764	1400	49154
1.13765	1400	49155
1.13767	1400	49156
1.13769	1400	49157
1.13876	2500	49153
1.13876	2500	49153
1.13876	2500	49153
1.13876	2500	49153
1.13876	2500	49153
1.13876	2500	49153
1.13889	1400	49154
1.1389	1400	49155
1.13892	1400	49156
1.13894	1400	49157
1.13908	2500	49153
1.13908	2500	49153
1.13908	2500	49153
1.13908	2500	49153
1.13908	2500	49153
1.13908	2500	49153
1.13908	2500	49153
1.13914	1100	49153
1.13989	1400	49153
1.13989	1400	49153
1.1399	1400	49154
1.13992	1400	49155
1.13994	1400	49156
1.13996	1400	49157
1.14114	1400	49153
1.14115	1400	49154
1.14117	1400	49155
1.14119	1400	49156
1.14121	1400	49157
1.14214	1400	49153
1.14215	1400	49154
1.14217	1400	49155
1.14219	1400	49156
1.14221	1400	49157
1.14339	1400	49157
1.1434	1400	49153
1.14342	1400	49154
1.14344	1400	49155
1.14346	1400	49156
1.14439	1400	49157
1.1444	1400	49153
1.14442	1400	49154
1.14444	1400	49155
1.14564	1400	49157
1.14565	1400	49153
1.14567	1400	49154
1.14569	1400	49155
1.14664	1400	49157
1.14665	1400	49153
1.14667	1400	49154
1.14789	1400	49157
1.1479	1400	49153
1.14792	1400	49154
1.14889	1400	49154
1.1489	1400	49157
1.14989	1400	49157
1.15114	1400	49157
1.15214	1400	49157
1.15339	1400	49157
1.15439	1400	49157
1.15544	2500	49154
1.15544	2500	49154
1.15544	2000	49154
1.15564	1400	49157
1.15565	1400	49154
1.15664	1400	49154
1.15665	1400	49157
1.15789	1400	49154
1.1579	1400	49157
1.15889	1400	49154
1.1589	1400	49157
1.16014	1400	49154
1.16015	1400	49157
1.16114	1400	49154
1.16115	1400	49157
1.16239	1400	49154
1.1624	1400	49157
1.16256	2500	49153
1.16256	2500	49153
1.16256	2500	49153
1.16256	2500	49153
1.16256	2500	49153
1.16256	2500	49153
1.16256	2500	49153
1.16339	1400	49154
1.1634	1400	49157
1.16342	700	49153
1.16342	1400	49153
1.16464	1400	49153
1.16465	1400	49154
1.16467	1400	49157
1.16564	1400	49153
1.16565	1400	49154
1.16567	1400	49157
1.16689	1400	49153
1.1669	1400	49154
1.16692	1400	49157
1.16789	1400	49153
1.1679	1400	49154
1.16792	1400	49157
1.16914	1400	49153
1.16915	1400	49154
1.16917	1400	49157
1.17014	1400	49153
1.17015	1400	49157
1.1713	2500	49156
1.1713	2500	49156
1.1713	2500	49156
1.1713	2500	49156
1.1713	2500	49156
1.1713	2500	49156
1.1713	2500	49156
1.1713	2500	49156
1.17139	1400	49157
1.1714	1400	49153
1.17153	2500	49156
1.17153	2500	49156
1.17153	2500	49156
1.17153	2500	49156
1.17153	2500	49156
1.17153	1100	49156
1.17239	1400	49156
1.17239	1400	49156
1.1724	1400	49157
1.17242	1400	49153
1.17351	2500	49155
1.17351	2500	49155
1.17351	2500	49155
1.17351	2500	49155
1.17351	2500	49155
1.17351	2500	49155
1.17364	1400	49156
1.17365	1400	49157
1.17367	1400	49153
1.17383	2500	49155
1.17383	2500	49155
1.17383	2500	49155
1.17383	2500	49155
1.17383	2500	49155
1.17383	2500	49155
1.17383	2500	49155
1.17383	1100	49155
1.17464	1400	49155
1.17464	1400	49155
1.17465	1400	49156
1.17467	1400	49157
1.17469	1400	49153
1.17589	1400	49153
1.1759	1400	49155
1.17592	1400	49156
1.17594	1400	49157
1.17671	2500	49154
1.17671	2500	49154
1.17671	2500	49154
1.17671	900	49154
1.17689	1400	49154
1.1769	1400	49155
1.17692	1400	49156
1.17694	1400	49153
1.17789	1400	49154
1.1779	1400	49155
1.17792	1400	49156
1.17794	1400	49153
1.17914	1400	49154
1.17915	1400	49155
1.17917	1400	49156
1.17919	1400	49153
1.18014	1400	49154
1.18015	1400	49155
1.18017	1400	49156
1.18019	1400	49153
1.18139	1400	49153
1.1814	1400	49154
1.18142	1400	49155
1.18144	1400	49156
1.18239	1400	49153
1.1824	1400	49154
1.18242	1400	49155
1.18244	1400	49156
1.18364	1400	49153
1.18365	1400	49154
1.18367	1400	49155
1.18369	1400	49156
1.18464	1400	49153
1.18465	1400	49154
1.18467	1400	49155
1.18469	1400	49156
1.18589	1400	49154
1.18639	1400	49153
1.18689	1400	49153
1.1869	1400	49154
1.18814	1400	49153
1.18815	1400	49154
1.18914	1400	49153
1.18915	1400	49154
1.19039	1400	49153
1.1904	1400	49154
1.19139	1400	49153
1.1914	1400	49154
1.19264	1400	49153
1.19364	1400	49153
1.19489	1400	49153
1.19501	2500	49156
1.19501	2500	49156
1.19501	2500	49156
1.19501	2500	49156
1.19501	2500	49156
1.19589	1400	49153
1.1959	100	49156
1.1959	1400	49156
1.1969	2500	49154
1.19715	2500	49154
1.19715	600	49154
1.19715	1400	49154
1.1973	2500	49155
1.1973	2500	49155
1.1973	2500	49155
1.1973	2500	49155
1.1973	2500	49155
1.1973	2500	49155
1.19731	1400	49156
1.19733	1400	49153
1.19814	1400	49154
1.19815	400	49155
1.19815	1400	49155
1.19817	1400	49156
1.19819	1400	49153
1.19939	1400	49154
1.1994	1400	49155
1.19942	1400	49156
1.19944	1400	49153
1.20039	1400	49153
1.2004	1400	49154
1.20042	1400	49155
1.20164	1400	49153
1.20165	1400	49154
1.20167	1400	49155
1.20171	1400	49156
1.20171	1400	49156
1.20264	1400	49154
1.20265	1400	49155
1.20267	1400	49156
1.20378	2500	49157
1.20378	2500	49157
1.20378	2500	49157
1.20378	2500	49157
1.20378	2500	49157
1.20378	2500	49157
1.20378	2500	49157
1.20389	1400	49154
1.2039	1400	49155
1.20392	1400	49156
1.20406	2500	49157
1.20406	2500	49157
1.20406	2500	49157
1.20406	2500	49157
1.20406	2500	49157
1.20406	2500	49157
1.20406	1100	49157
1.20489	1400	49157
1.20489	1400	49157
1.2049	1400	49154
1.20492	1400	49155
1.20494	1400	49156
1.20589	1400	49157
1.2059	1400	49154
1.20592	1400	49155
1.20594	1400	49156
1.20714	1400	49154
1.20715	1400	49155
1.20717	1400	49156
1.20719	1400	49157
1.20814	1400	49154
1.20815	1400	49155
1.20817	1400	49156
1.20819	1400	49157
1.20939	1400	49154
1.2094	1400	49155
1.20942	1400	49156
1.20944	1400	49157
1.21021	2500	49153
1.21021	2500	49153
1.21021	2500	49153
1.21039	2300	49153
1.21039	1400	49153
1.2104	1400	49154
1.21042	1400	49155
1.21044	1400	49156
1.21046	1400	49157
1.21164	1400	49153
1.21165	1400	49154
1.21167	1400	49155
1.21169	1400	49156
1.21171	1400	49157
1.21264	1400	49153
1.21265	1400	49154
1.21267	1400	49155
1.21269	1400	49156
1.21271	1400	49157
1.21389	1400	49153
1.2139	1400	49155
1.21392	1400	49156
1.21394	1400	49157
1.21489	1400	49153
1.2149	1400	49155
1.21492	1400	49156
1.21494	1400	49157
1.21614	1400	49153
1.21615	1400	49155
1.21617	1400	49156
1.21619	1400	49157
1.21714	1400	49153
1.21715	1400	49155
1.21717	1400	49156
1.21719	1400	49157
1.21839	1400	49153
1.21842	1400	49155
1.21844	1400	49156
1.21919	2500	49154
1.21919	2500	49154
1.21919	2000	49154
1.21939	1400	49154
1.2194	1400	49155
1.21942	1400	49156
1.21944	1400	49153
1.22064	1400	49154
1.22065	1400	49155
1.22067	1400	49156
1.22069	1400	49153
1.22164	1400	49154
1.22165	1400	49155
1.22167	1400	49156
1.22169	1400	49153
1.22289	1400	49153
1.2229	1400	49154
1.22292	1400	49155
1.22294	1400	49156
1.22389	1400	49153
1.2239	1400	49154
1.22392	1400	49155
1.22394	1400	49156
1.22514	1400	49153
1.22515	1400	49154
1.22517	1400	49155
1.22519	1400	49156
1.22614	1400	49153
1.22615	1400	49154
1.22617	1400	49155
1.22619	1400	49156
1.22739	1400	49153
1.2274	1400	49154
1.22742	1400	49155
1.22744	1400	49156
1.22756	2500	49157
1.22756	2500	49157
1.22756	2500	49157
1.22756	2500	49157
1.22756	2500	49157
1.22839	1400	49153
1.2284	1400	49154
1.22842	1400	49155
1.22844	1400	49156
1.22846	100	49157
1.22846	1400	49157
1.22964	1400	49157
1.22965	1400	49153
1.22967	1400	49154
1.22969	1400	49155
1.22971	1400	49156
1.23064	1400	49157
1.23065	1400	49153
1.23067	1400	49154
1.23069	1400	49155
1.23071	1400	49156
1.23189	1400	49157
1.2319	1400	49153
1.23192	1400	49154
1.23194	1400	49155
1.23196	1400	49156
1.23289	1400	49157
1.2329	1400	49153
1.23292	1400	49154
1.23294	1400	49155
1.23296	1400	49156
1.23389	1400	49157
1.2339	1400	49153
1.23392	1400	49155
1.23394	1400	49156
1.23514	1400	49157
1.23515	1400	49153
1.23517	1400	49155
1.23519	1400	49156
1.23614	1400	49157
1.23615	1400	49153
1.23617	1400	49155
1.23619	1400	49156
1.23739	1400	49157
1.2374	1400	49153
1.23742	1400	49155
1.23744	1400	49156
1.23839	1400	49153
1.2384	1400	49155
1.23842	1400	49156
1.23844	1400	49157
1.23964	1400	49156
1.23965	1400	49157
1.23967	1400	49153
1.24046	2500	49154
1.24046	2500	49154
1.24046	2500	49154
1.24046	900	49154
1.24064	1400	49154
1.24065	1400	49156
1.24067	1400	49157
1.24069	1400	49153
1.24189	1400	49157
1.2419	1400	49153
1.24192	1400	49154
1.24194	1400	49156
1.24289	1400	49154
1.2429	1400	49156
1.24292	1400	49157
1.24294	1400	49153
1.24414	1400	49157
1.24415	1400	49153
1.24417	1400	49154
1.24514	1400	49157
1.24515	1400	49153
1.24517	1400	49154
1.24639	1400	49157
1.2464	1400	49153
1.24642	1400	49154
1.24739	1400	49157
1.2474	1400	49153
1.24742	1400	49154
1.24864	1400	49154
1.24867	1400	49157
1.24964	1400	49154
1.24965	1400	49157
1.25089	1400	49154
1.2509	1400	49157
1.25189	1400	49154
1.2519	1400	49157
1.25314	1400	49154
1.25315	1400	49157
1.25414	1400	49154
1.25415	1400	49157
1.25539	1400	49154
1.2554	1400	49157
1.25639	1400	49157
1.25764	1400	49157
1.25864	1400	49157
1.25989	1400	49157
1.26067	2500	49154
1.26067	2500	49154
1.26067	600	49154
1.26089	1400	49154
1.2609	1400	49157
1.26189	1400	49154
1.2619	1400	49157
1.26314	1400	49154
1.26315	1400	49157
1.26414	1400	49154
1.26415	1400	49157
1.26539	1400	49154
1.2654	1400	49157
1.26633	2500	49155
1.26633	2500	49155
1.26633	2500	49155
1.26633	2500	49155
1.26633	2500	49155
1.26633	2500	49155
1.26633	2500	49155
1.26633	2500	49155
1.26633	2500	49155
1.2664	2500	49155
1.2664	2500	49155
1.26642	1400	49157
1.26644	1400	49154
1.26667	2500	49155
1.26667	2500	49155
1.26667	1100	49155
1.26764	1400	49155
1.26764	1400	49155
1.26765	1400	49157
1.26767	1400	49154
1.26864	1400	49155
1.26865	1400	49157
1.26867	1400	49154
1.26989	1400	49154
1.2699	1400	49155
1.26992	1400	49157
1.27083	2500	49156
1.27083	2500	49156
1.27083	2500	49156
1.27083	2500	49156
1.27083	2500	49156
1.27083	2500	49156
1.27083	2500	49156
1.27083	2500	49156
1.27083	2500	49156
1.2709	2500	49156
1.2709	2500	49156
1.27092	1400	49157
1.27094	1400	49154
1.27096	1400	49155
1.27117	2500	49156
1.27117	2500	49156
1.27117	1100	49156
1.27214	1400	49154
1.27215	1400	49155
1.27217	1400	49156
1.27217	1400	49156
1.27314	1400	49156
1.27315	1400	49154
1.27317	1400	49155
1.27439	1400	49156
1.2744	1400	49154
1.27442	1400	49155
1.27533	2500	49153
1.27533	2500	49153
1.27533	2500	49153
1.27533	2500	49153
1.27533	2500	49153
1.27533	2500	49153
1.27533	2500	49153
1.27533	2500	49153
1.27533	2500	49153
1.2754	2500	49153
1.2754	2500	49153
1.27542	1400	49154
1.27544	1400	49155
1.27546	1400	49156
1.27567	2500	49153
1.27567	2500	49153
1.27567	1100	49153
1.27664	1400	49153
1.27664	1400	49153
1.27665	1400	49154
1.27667	1400	49155
1.27669	1400	49156
1.27764	1400	49153
1.27765	1400	49155
1.27767	1400	49156
1.27889	1400	49153
1.2789	1400	49155
1.27892	1400	49156
1.27989	1400	49153
1.2799	1400	49155
1.27992	1400	49156
1.28114	1400	49153
1.28115	1400	49156
1.28214	1400	49153
1.28215	1400	49156
1.28319	2500	49154
1.28319	2500	49154
1.28319	2000	49154
1.28339	1400	49156
1.2834	1400	49153
1.28342	1400	49154
1.28439	1400	49154
1.2844	1400	49156
1.28442	1400	49153
1.28564	1400	49154
1.28567	1400	49153
1.28664	1400	49154
1.28665	1400	49153
1.28789	1400	49154
1.28889	1400	49154
1.28989	1400	49154
1.29024	2500	49155
1.29024	2500	49155
1.29024	2500	49155
1.29024	2500	49155
1.29024	2500	49155
1.29114	1400	49154
1.29115	100	49155
1.29115	1400	49155
1.29214	1400	49155
1.29215	1400	49154
1.29339	1400	49154
1.2934	1400	49155
1.29439	1400	49154
1.2944	1400	49155
1.29474	2500	49156
1.29474	2500	49156
1.29474	2500	49156
1.29474	2500	49156
1.29474	2500	49156
1.29564	1400	49154
1.29565	1400	49155
1.29567	100	49156
1.29567	1400	49156
1.29664	1400	49156
1.29665	1400	49154
1.29667	1400	49155
1.29789	1400	49156
1.2979	1400	49155
1.29883	2500	49157
1.29883	2500	49157
1.29883	2500	49157
1.29883	2500	49157
1.29883	2500	49157
1.29883	2500	49157
1.29883	2500	49157
1.29883	2500	49157
1.29883	2500	49157
1.2989	2500	49157
1.2989	2500	49157
1.29892	1400	49155
1.29894	1400	49156
1.29917	2500	49157
1.29917	2500	49157
1.29917	1100	49157
1.29931	2500	49153
1.29931	2500	49153
1.29931	2500	49153
1.29931	2500	49153
1.29931	2500	49153
1.29931	2500	49153
1.30014	1400	49157
1.30014	1400	49157
1.30015	400	49153
1.30015	1400	49153
1.30017	1400	49155
1.30019	1400	49156
1.30114	1400	49157
1.30115	1400	49153
1.30117	1400	49155
1.30119	1400	49156
1.30239	1400	49153
1.30242	1400	49155
1.30244	1400	49156
1.30246	1400	49157
1.3034	1400	49155
1.30342	1400	49156
1.30344	1400	49157
1.30446	2500	49154
1.30446	2500	49154
1.30446	2500	49154
1.30446	900	49154
1.30464	1400	49155
1.30465	1400	49156
1.30467	1400	49157
1.30471	1400	49153
1.30471	1400	49153
1.30472	1400	49154
1.30564	1400	49154
1.30565	1400	49155
1.30567	1400	49156
1.30569	1400	49157
1.30571	1400	49153
1.30689	1400	49154
1.3069	1400	49155
1.30692	1400	49156
1.30694	1400	49157
1.30696	1400	49153
1.30789	1400	49154
1.3079	1400	49155
1.30792	1400	49156
1.30794	1400	49157
1.30796	1400	49153
1.30914	1400	49154
1.30915	1400	49155
1.30917	1400	49156
1.30919	1400	49157
1.30921	1400	49153
1.31014	1400	49154
1.31015	1400	49155
1.31017	1400	49156
1.31019	1400	49157
1.31021	1400	49153
1.31139	1400	49154
1.3114	1400	49155
1.31142	1400	49156
1.31144	1400	49157
1.31146	1400	49153
1.31239	1400	49154
1.3124	1400	49155
1.31242	1400	49156
1.31244	1400	49157
1.31246	1400	49153
1.31364	1400	49154
1.31365	1400	49155
1.31367	1400	49156
1.31369	1400	49153
1.31464	1400	49154
1.31465	1400	49155
1.31467	1400	49156
1.31469	1400	49153
1.31589	1400	49154
1.3159	1400	49155
1.31592	1400	49156
1.31594	1400	49153
1.31689	1400	49154
1.3169	1400	49155
1.31692	1400	49156
1.31694	1400	49153
1.31789	1400	49153
1.3179	1400	49154
1.31792	1400	49155
1.31794	1400	49156
1.31914	1400	49153
1.31915	1400	49154
1.31917	1400	49155
1.31919	1400	49156
1.32014	1400	49153
1.32015	1400	49155
1.32017	1400	49156
1.32139	1400	49153
1.3214	1400	49155
1.32142	1400	49156
1.32239	1400	49153
1.3224	1400	49155
1.32242	1400	49156
1.32274	2500	49157
1.32274	2500	49157
1.32274	2500	49157
1.32274	2500	49157
1.32274	2500	49157
1.32364	1400	49153
1.32365	1400	49155
1.32367	1400	49156
1.32369	100	49157
1.32369	1400	49157
1.32442	2500	49154
1.32442	2500	49154
1.32442	600	49154
1.32464	1400	49157
1.32465	1400	49153
1.32467	1400	49154
1.32469	1400	49155
1.32471	1400	49156
1.32589	1400	49154
1.3259	1400	49155
1.32592	1400	49156
1.32594	1400	49157
1.32596	1400	49153
1.32689	1400	49154
1.3269	1400	49155
1.32692	1400	49156
1.32694	1400	49157
1.32696	1400	49153
1.32814	1400	49156
1.32815	1400	49157
1.32817	1400	49153
1.32819	1400	49154
1.32821	1400	49155
1.32914	1400	49156
1.32915	1400	49157
1.32917	1400	49153
1.32919	1400	49154
1.32921	1400	49155
1.33039	1400	49156
1.3304	1400	49157
1.33042	1400	49153
1.33044	1400	49154
1.33046	1400	49155
1.33139	1400	49156
1.3314	1400	49157
1.33142	1400	49153
1.33144	1400	49154
1.33146	1400	49155
1.33264	1400	49156
1.33265	1400	49157
1.33267	1400	49153
1.33269	1400	49154
1.33364	1400	49156
1.33365	1400	49157
1.33367	1400	49153
1.33369	1400	49154
1.33489	1400	49157
1.3349	1400	49153
1.33492	1400	49154
1.33494	1400	49156
1.33589	1400	49157
1.3359	1400	49153
1.33592	1400	49154
1.33594	1400	49156
1.33714	1400	49157
1.33715	1400	49153
1.33717	1400	49154
1.33814	1400	49157
1.33815	1400	49153
1.33817	1400	49154
1.33939	1400	49157
1.3394	1400	49153
1.33942	1400	49154
1.34039	1400	49157
1.3404	1400	49153
1.34042	1400	49154
1.34164	1400	49153
1.34167	1400	49157
1.34264	1400	49153
1.34265	1400	49157
1.34389	1400	49157
1.3439	1400	49153
1.34489	1400	49157
1.34589	1400	49157
1.34694	2500	49154
1.34694	2500	49154
1.34694	2000	49154
1.34714	1400	49157
1.34715	1400	49154
1.34814	1400	49154
1.34815	1400	49157
1.34939	1400	49154
1.3494	1400	49157
1.35039	1400	49154
1.3504	1400	49157
1.35164	1400	49154
1.35165	1400	49157
1.35264	1400	49154
1.35265	1400	49157
1.35389	1400	49154
1.3539	1400	49157
1.35489	1400	49154
1.3549	1400	49157
1.35614	1400	49154
1.35615	1400	49157
1.35714	1400	49154
1.35715	1400	49157
1.35839	1400	49154
1.3584	1400	49157
1.35933	2500	49155
1.35933	2500	49155
1.35933	2500	49155
1.35933	2500	49155
1.35933	2500	49155
1.35933	2500	49155
1.35933	2500	49155
1.35933	2500	49155
1.35933	2500	49155
1.3594	2500	49155
1.3594	2500	49155
1.35942	1400	49157
1.35944	1400	49154
1.35967	2500	49155
1.35967	2500	49155
1.35967	1100	49155
1.36064	1400	49154
1.36065	1400	49155
1.36065	1400	49155
1.36067	1400	49157
1.36164	1400	49155
1.36165	1400	49157
1.36289	1400	49155
1.3629	1400	49157
1.36383	2500	49156
1.36383	2500	49156
1.36383	2500	49156
1.36383	2500	49156
1.36383	2500	49156
1.36383	2500	49156
1.36383	2500	49156
1.36383	2500	49156
1.36383	2500	49156
1.36392	2500	49156
1.36392	2500	49156
1.36392	2500	49156
1.36394	1400	49157
1.36396	1400	49155
1.36415	2500	49156
1.36415	1100	49156
1.36514	1400	49155
1.36515	1400	49156
1.36515	1400	49156
1.36614	1400	49155
1.36615	1400	49156
1.36739	1400	49155
1.3674	1400	49156
1.36821	2500	49154
1.36821	2500	49154
1.36821	2500	49154
1.36821	900	49154
1.36839	1400	49154
1.3684	1400	49155
1.36842	1400	49156
1.36964	1400	49154
1.36965	1400	49155
1.36967	1400	49156
1.37064	1400	49154
1.37065	1400	49155
1.37067	1400	49156
1.37178	2500	49153
1.37178	2500	49153
1.37178	2500	49153
1.37178	2500	49153
1.37178	2500	49153
1.37178	2500	49153
1.37178	2500	49153
1.37189	1400	49154
1.3719	1400	49155
1.37192	1400	49156
1.37206	2500	49153
1.37206	2500	49153
1.37206	2500	49153
1.37206	2500	49153
1.37206	2500	49153
1.37206	2500	49153
1.37206	1100	49153
1.37289	1400	49153
1.37289	1400	49153
1.3729	1400	49154
1.37292	1400	49155
1.37294	1400	49156
1.37389	1400	49153
1.3739	1400	49154
1.37392	1400	49156
1.37514	1400	49153
1.37515	1400	49154
1.37517	1400	49156
1.37614	1400	49153
1.37615	1400	49154
1.37617	1400	49156
1.37739	1400	49153
1.3774	1400	49154
1.37742	1400	49156
1.37839	1400	49153
1.3784	1400	49154
1.37964	1400	49153
1.37965	1400	49154
1.38064	1400	49153
1.38065	1400	49154
1.38189	1400	49153
1.3819	1400	49154
1.38289	1400	49153
1.3829	1400	49154
1.38324	2500	49155
1.38324	2500	49155
1.38324	2500	49155
1.38324	2500	49155
1.38324	2500	49155
1.38414	100	49155
1.38414	1400	49155
1.38514	1400	49155
1.38639	1400	49155
1.38739	1400	49155
1.38774	2500	49156
1.38774	2500	49156
1.38774	2500	49156
1.38774	2500	49156
1.38774	2500	49156
1.38842	2500	49154
1.38842	2500	49154
1.38842	600	49154
1.38864	1400	49155
1.38865	100	49156
1.38865	1400	49156
1.38869	1400	49154
1.38964	1400	49154
1.38965	1400	49155
1.38967	1400	49156
1.39089	1400	49154
1.3909	1400	49155
1.39092	1400	49156
1.39183	2500	49157
1.39183	2500	49157
1.39183	2500	49157
1.39183	2500	49157
1.39183	2500	49157
1.39183	2500	49157
1.39183	2500	49157
1.39183	2500	49157
1.39183	2500	49157
1.3919	2500	49157
1.3919	2500	49157
1.39192	1400	49154
1.39194	1400	49155
1.39196	1400	49156
1.39217	2500	49157
1.39217	2500	49157
1.39217	1100	49157
1.39314	1400	49157
1.39314	1400	49157
1.39315	1400	49154
1.39317	1400	49155
1.39319	1400	49156
1.39414	1400	49157
1.39415	1400	49154
1.39417	1400	49155
1.39419	1400	49156
1.39539	1400	49157
1.39553	2500	49153
1.39553	2500	49153
1.39553	2500	49153
1.39553	2500	49153
1.39553	2500	49153
1.39553	2500	49153
1.39555	1400	49154
1.39556	1400	49155
1.39558	1400	49156
1.39639	1400	49154
1.3964	1400	49155
1.39642	1400	49156
1.39644	1400	49157
1.39646	400	49153
1.39646	1400	49153
1.39764	1400	49154
1.39765	1400	49155
1.39767	1400	49156
1.39769	1400	49157
1.39771	1400	49153
1.39864	1400	49154
1.39865	1400	49155
1.39867	1400	49156
1.39869	1400	49157
1.39871	1400	49153
1.39989	1400	49154
1.3999	1400	49155
1.39992	1400	49156
1.39994	1400	49157
1.39996	1400	49153
1.40089	1400	49154
1.4009	1400	49155
1.40092	1400	49156
1.40094	1400	49157
1.40096	1400	49153
1.40189	1400	49154
1.4019	1400	49155
1.40192	1400	49156
1.40194	1400	49157
1.40196	1400	49153
1.40314	1400	49154
1.40315	1400	49155
1.40317	1400	49156
1.40319	1400	49157
1.40321	1400	49153
1.40414	1400	49154
1.40415	1400	49155
1.40417	1400	49156
1.40419	1400	49157
1.40421	1400	49153
1.40539	1400	49153
1.4054	1400	49155
1.40542	1400	49156
1.40544	1400	49157
1.40639	1400	49153
1.4064	1400	49155
1.40642	1400	49156
1.40764	1400	49153
1.40765	1400	49155
1.40767	1400	49156
1.40864	1400	49153
1.40865	1400	49155
1.40867	1400	49156
1.40989	1400	49153
1.40992	1400	49155
1.40994	1400	49156
1.41069	2500	49154
1.41069	2500	49154
1.41069	2000	49154
1.41089	1400	49154
1.4109	1400	49155
1.41092	1400	49156
1.41094	1400	49153
1.41569	2500	49157
1.41569	2500	49157
1.41569	2000	49157
