% start	end	CellId	IMSI	RNTI	LCID	nTxPDUs	TxBytes	nRxPDUs	RxBytes	delay	stdDev	min	max	PduSize	stdDev	min	max
0	0.25	1	1	1	3	89	4810	89	4810	0.00819984	0.0105522	0.000375001	0.0364821	54.0449	0.423999	54	58	
0	0.25	1	2	2	3	88	4756	88	4756	0.0134539	0.0159333	0.000428572	0.0497679	54.0455	0.426401	54	58	
0	0.25	1	3	3	3	88	4756	88	4756	0.0134704	0.0159349	0.000446429	0.0497857	54.0455	0.426401	54	58	
0	0.25	1	4	4	3	87	4702	87	4702	0.00877484	0.0116041	0.000410715	0.0387321	54.046	0.428845	54	58	
0	0.25	1	5	5	3	89	4810	89	4810	0.00810634	0.0105723	0.000428572	0.0364821	54.0449	0.423999	54	58	
0.25	0.5	1	1	1	3	201	10854	187	10098	0.0182849	0.014823	0.000464286	0.0509821	54	0	54	54	
0.25	0.5	1	2	2	3	213	11502	213	11502	0.0147711	0.0148597	0.000410715	0.051	54	0	54	54	
0.25	0.5	1	3	3	3	213	11502	213	11502	0.0148356	0.0148195	0.000428572	0.0510179	54	0	54	54	
0.25	0.5	1	4	4	3	176	9504	176	9504	0.0145228	0.0158975	0.000410715	0.0507143	54	0	54	54	
0.25	0.5	1	5	5	3	175	9450	170	9180	0.015016	0.0159684	0.000410715	0.0507321	54	0	54	54	
0.5	0.75	1	1	1	3	187	10098	201	10854	0.0125877	0.0141166	0.0005	0.051	54	0	54	54	
0.5	0.75	1	2	2	3	157	8478	151	8154	0.00344087	0.00597709	0.000446429	0.0277857	54	0	54	54	
0.5	0.75	1	3	3	3	156	8424	152	8208	0.00364274	0.00630525	0.000464286	0.0277857	54	0	54	54	
0.5	0.75	1	4	4	3	186	10044	172	9288	0.00554807	0.00947177	0.0005	0.0397679	54	0	54	54	
0.5	0.75	1	5	5	3	182	9828	181	9774	0.00538546	0.00922938	0.0005	0.0397679	54	0	54	54	
0.75	1	1	1	1	3	171	9234	171	9234	0.00565696	0.00941783	0.000446429	0.0396786	54	0	54	54	
0.75	1	1	2	2	3	202	10908	195	10530	0.00825449	0.00587958	0.0005	0.0207143	54	0	54	54	
0.75	1	1	3	3	3	197	10638	190	10260	0.00984991	0.00942742	0.000464286	0.04075	54	0	54	54	
0.75	1	1	4	4	3	196	10584	208	11232	0.00978022	0.00894018	0.000464286	0.03975	54	0	54	54	
0.75	1	1	5	5	3	200	10800	193	10422	0.0104592	0.00916187	0.000464286	0.04075	54	0	54	54	
1	1.25	1	1	1	3	197	10638	164	8856	0.00939765	0.0096377	0.0005	0.03975	54	0	54	54	
1	1.25	1	2	2	3	203	10962	208	11232	0.00901777	0.00598698	0.000696429	0.01975	54	0	54	54	
1	1.25	1	3	3	3	182	9828	193	10422	0.0151295	0.0133257	0.000428572	0.0432679	54	0	54	54	
1	1.25	1	4	4	3	190	10260	192	10368	0.0153017	0.0133203	0.00057143	0.0452321	54	0	54	54	
1	1.25	1	5	5	3	193	10422	188	10152	0.0136237	0.012642	0.00057143	0.0454643	54	0	54	54	
1.25	1.5	1	1	1	3	183	9882	211	11394	0.0135537	0.0130352	0.00057143	0.0431964	54	0	54	54	
1.25	1.5	1	2	2	3	195	10530	201	10854	0.0099339	0.00874995	0.00057143	0.03975	54	0	54	54	
1.25	1.5	1	3	3	3	194	10476	185	9990	0.0135569	0.0132111	0.000714286	0.04525	54	0	54	54	
1.25	1.5	1	4	4	3	195	10530	186	10044	0.0126691	0.0122984	0.000696429	0.0452321	54	0	54	54	
1.25	1.5	1	5	5	3	186	10044	191	10314	0.0169214	0.0143833	0.000714286	0.0452679	54	0	54	54	
1.5	1.75	1	1	1	3	189	10206	194	10476	0.0164265	0.0137412	0.000625001	0.0452679	54	0	54	54	
1.5	1.75	1	2	2	3	207	11178	202	10908	0.00934627	0.00630389	0.000482143	0.02175	54	0	54	54	
1.5	1.75	1	3	3	3	174	9396	183	9882	0.0176211	0.0142563	0.000714286	0.04525	54	0	54	54	
1.5	1.75	1	4	4	3	191	10314	200	10800	0.0167718	0.0142582	0.0005	0.0474464	54	0	54	54	
1.5	1.75	1	5	5	3	185	9990	198	10692	0.0166373	0.0142155	0.000625001	0.0455	54	0	54	54	
1.75	2	1	1	1	3	198	10692	195	10530	0.013307	0.0126778	0.000553571	0.0474821	54	0	54	54	
1.75	2	1	2	2	3	196	10584	203	10962	0.0130235	0.0115006	0.0005	0.0419821	54	0	54	54	
1.75	2	1	3	3	3	211	11394	189	10206	0.0125863	0.0122866	0.000392858	0.0452321	54	0	54	54	
1.75	2	1	4	4	3	195	10530	156	8424	0.0133846	0.0127874	0.000464286	0.0452321	54	0	54	54	
1.75	2	1	5	5	3	201	10854	162	8748	0.0120604	0.0122613	0.000660713	0.0454643	54	0	54	54	
2	2.25	1	1	1	3	192	10368	183	9882	0.0153884	0.0138977	0.000464286	0.0465179	54	0	54	54	
2	2.25	1	2	2	3	196	10584	186	10044	0.0151626	0.01436	0.000464286	0.0500179	54	0	54	54	
2	2.25	1	3	3	3	188	10152	205	11070	0.0158889	0.0141565	0.00057143	0.0475	54	0	54	54	
2	2.25	1	4	4	3	187	10098	215	11610	0.0168749	0.0142918	0.000410715	0.0474821	54	0	54	54	
2	2.25	1	5	5	3	187	10098	215	11610	0.0166289	0.0144199	0.0005	0.0475	54	0	54	54	
2.25	2.5	1	1	1	3	129	6966	141	7614	0.0150926	0.0127242	0.00057143	0.0477679	54	0	54	54	
2.25	2.5	1	2	2	3	134	7236	144	7776	0.0106049	0.014202	0.000464286	0.0506964	54	0	54	54	
2.25	2.5	1	3	3	3	124	6696	129	6966	0.0171685	0.0144261	0.000714286	0.04525	54	0	54	54	
2.25	2.5	1	4	4	3	123	6642	134	7236	0.0172257	0.0148909	0.000410715	0.0475179	54	0	54	54	
2.25	2.5	1	5	5	3	122	6588	133	7182	0.0170999	0.0145624	0.000464286	0.0475357	54	0	54	54	
